0 0.063025 0.154153 0.066026 0.107029
0 0.125450 0.178115 0.037215 0.049521
0 0.109844 0.081470 0.037215 0.054313
0 0.260504 0.117412 0.199280 0.231629
0 0.168667 0.323482 0.039616 0.059105
0 0.575630 0.650160 0.039616 0.060703
0 0.165066 0.690895 0.049220 0.062300
0 0.183073 0.581470 0.037215 0.041534
0 0.847539 0.079872 0.036014 0.047923
0 0.894958 0.297125 0.034814 0.063898
0 0.987395 0.198083 0.025210 0.102236
0 0.748499 0.945687 0.070828 0.092652
0 0.690876 0.642971 0.042017 0.055911
1 0.181273 0.769968 0.036014 0.047923
1 0.135054 0.861022 0.025210 0.044728
1 0.211885 0.866613 0.030012 0.030351
1 0.177071 0.900958 0.054022 0.079872
1 0.293517 0.424121 0.044418 0.055911
1 0.298319 0.237220 0.042017 0.059105
1 0.746699 0.080671 0.033613 0.036741
1 0.950780 0.141374 0.045618 0.049521
1 0.969988 0.823482 0.028812 0.039936
1 0.911164 0.965655 0.038415 0.039936
1 0.977791 0.892173 0.044418 0.062300
1 0.603842 0.767572 0.057623 0.059105
1 0.456182 0.680511 0.036014 0.028754
1 0.496399 0.955272 0.030012 0.041534
1 0.456783 0.121406 0.032413 0.031949
1 0.461585 0.318690 0.027611 0.030351
1 0.405762 0.242812 0.016807 0.028754
0 0.609844 0.495208 0.067227 0.079872
0 0.722089 0.449681 0.037215 0.055911
0 0.822329 0.606230 0.026411 0.039936
0 0.686074 0.807508 0.037215 0.039936
0 0.550420 0.818690 0.030012 0.039936
0 0.484994 0.674920 0.024010 0.036741
