0 0.421969 0.432907 0.068427 0.067093
0 0.915966 0.389776 0.076831 0.092652
0 0.611044 0.511182 0.050420 0.060703
0 0.918367 0.694888 0.067227 0.092652
1 0.160864 0.196486 0.036014 0.051118
1 0.164466 0.899361 0.040816 0.044728
1 0.156663 0.845847 0.042017 0.046326
1 0.442977 0.843450 0.050420 0.044728
1 0.176471 0.462460 0.057623 0.062300
1 0.246699 0.516773 0.046819 0.052716
1 0.249700 0.152556 0.052821 0.062300
1 0.090036 0.102236 0.050420 0.054313
1 0.168067 0.675719 0.038415 0.057508
0 0.826531 0.609425 0.037215 0.100639
1 0.873349 0.614217 0.032413 0.039936
1 0.655462 0.043131 0.064826 0.079872
1 0.645858 0.775559 0.024010 0.043131
1 0.708283 0.144569 0.069628 0.065495
1 0.143457 0.027955 0.034814 0.046326
0 0.921969 0.269169 0.028812 0.052716
0 0.924970 0.079073 0.051621 0.043131
0 0.496399 0.103035 0.034814 0.055911
0 0.980792 0.283546 0.038415 0.081470
0 0.016807 0.236422 0.021609 0.038339
0 0.798319 0.979233 0.024010 0.041534
0 0.896759 0.838658 0.036014 0.067093
0 0.903962 0.967252 0.028812 0.039936
1 0.515006 0.431310 0.093637 0.067093
1 0.264706 0.058307 0.054022 0.049521
1 0.757503 0.250799 0.036014 0.047923
1 0.291116 0.666134 0.066026 0.054313
1 0.549220 0.786741 0.054022 0.043131
1 0.242497 0.797125 0.038415 0.057508
1 0.207683 0.238818 0.036014 0.068690
1 0.302521 0.918530 0.064826 0.054313
0 0.793517 0.690096 0.055222 0.057508
0 0.779712 0.626198 0.039616 0.047923
0 0.762305 0.559105 0.040816 0.051118
0 0.172269 0.777157 0.034814 0.046326
1 0.652461 0.857827 0.044418 0.054313
