0 0.165666 0.071086 0.086435 0.084665
0 0.399160 0.133387 0.046819 0.049521
0 0.435174 0.087859 0.034814 0.038339
0 0.481993 0.115016 0.032413 0.035144
0 0.583433 0.038339 0.043217 0.051118
0 0.565426 0.229233 0.036014 0.046326
0 0.438175 0.228435 0.040816 0.067093
0 0.171669 0.334665 0.052821 0.065495
0 0.246699 0.373802 0.051621 0.051118
0 0.327731 0.391374 0.043217 0.054313
0 0.139256 0.507188 0.050420 0.055911
0 0.096038 0.495208 0.033613 0.035144
0 0.087635 0.556709 0.036014 0.039936
0 0.105042 0.623802 0.039616 0.043131
0 0.363745 0.626198 0.043217 0.041534
1 0.355942 0.670927 0.042017 0.047923
0 0.787515 0.677316 0.081633 0.089457
0 0.743697 0.571885 0.042017 0.054313
0 0.959184 0.819489 0.064826 0.079872
0 0.801321 0.762780 0.044418 0.043131
1 0.915366 0.678914 0.034814 0.041534
0 0.980192 0.890575 0.025210 0.039936
0 0.913565 0.900958 0.043217 0.044728
0 0.975990 0.966454 0.026411 0.041534
0 0.732293 0.977636 0.055222 0.044728
0 0.285114 0.929712 0.039616 0.044728
0 0.809724 0.199681 0.051621 0.051118
0 0.022809 0.099042 0.033613 0.038339
0 0.061825 0.017572 0.022809 0.031949
1 0.091236 0.033546 0.040816 0.047923
1 0.665066 0.170927 0.038415 0.044728
1 0.638055 0.084665 0.025210 0.035144
1 0.609244 0.120607 0.027611 0.036741
1 0.747899 0.137380 0.048019 0.044728
1 0.739496 0.303514 0.033613 0.051118
1 0.735294 0.228435 0.025210 0.038339
1 0.861945 0.163738 0.026411 0.033546
1 0.921369 0.269169 0.032413 0.062300
1 0.864346 0.251597 0.031212 0.036741
1 0.773709 0.024760 0.068427 0.046326
1 0.963385 0.216454 0.032413 0.039936
1 0.898559 0.742013 0.039616 0.049521
1 0.921969 0.722045 0.040816 0.051118
1 0.869148 0.801118 0.069628 0.110224
1 0.629652 0.890575 0.054022 0.055911
1 0.116447 0.779553 0.038415 0.044728
1 0.142257 0.897764 0.039616 0.041534
1 0.185474 0.952875 0.042017 0.055911
1 0.076831 0.979233 0.060024 0.041534
0 0.456783 0.463259 0.051621 0.063898
0 0.390156 0.440096 0.036014 0.046326
0 0.383553 0.487220 0.037215 0.038339
0 0.452581 0.504792 0.024010 0.022364
0 0.561825 0.449681 0.028812 0.036741
1 0.463986 0.325080 0.046819 0.065495
1 0.573830 0.357029 0.036014 0.059105
