0 0.728091 0.273163 0.176471 0.220447
0 0.638055 0.268371 0.046819 0.047923
0 0.632653 0.309904 0.043217 0.047923
0 0.594238 0.404952 0.031212 0.036741
0 0.885954 0.349042 0.081633 0.078275
0 0.862545 0.275559 0.032413 0.043131
0 0.941176 0.276358 0.031212 0.038339
0 0.836735 0.123003 0.052821 0.067093
0 0.857143 0.062300 0.038415 0.060703
0 0.798319 0.069489 0.036014 0.043131
0 0.765306 0.119808 0.042017 0.044728
0 0.531212 0.097444 0.044418 0.051118
0 0.555222 0.018371 0.046819 0.033546
0 0.282713 0.183706 0.054022 0.073482
0 0.321729 0.357029 0.050420 0.078275
0 0.364346 0.343450 0.042017 0.051118
0 0.104442 0.376198 0.067227 0.084665
0 0.128451 0.434505 0.036014 0.047923
0 0.177671 0.437700 0.052821 0.076677
0 0.174670 0.607827 0.044418 0.068690
0 0.121849 0.551917 0.037215 0.049521
0 0.194478 0.532748 0.038415 0.049521
0 0.225090 0.580671 0.037215 0.039936
0 0.261104 0.604633 0.034814 0.046326
0 0.309724 0.625399 0.036014 0.039936
0 0.352341 0.608626 0.032413 0.041534
0 0.294718 0.497604 0.046819 0.055911
0 0.510204 0.479233 0.057623 0.067093
0 0.469388 0.783546 0.033613 0.049521
0 0.518607 0.740415 0.031212 0.046326
0 0.516807 0.816294 0.034814 0.044728
0 0.498199 0.917732 0.033613 0.049521
0 0.434574 0.884984 0.031212 0.044728
0 0.279112 0.782748 0.531813 0.434505
0 0.106843 0.682907 0.036014 0.049521
0 0.037815 0.825080 0.027611 0.036741
0 0.061224 0.880990 0.033613 0.039936
0 0.054622 0.940895 0.054022 0.073482
0 0.008403 0.924121 0.014406 0.039936
0 0.708884 0.907348 0.032413 0.047923
0 0.751501 0.971246 0.036014 0.057508
0 0.925570 0.861821 0.028812 0.036741
0 0.875150 0.757987 0.028812 0.036741
0 0.908163 0.648562 0.034814 0.060703
0 0.241897 0.083866 0.034814 0.036741
0 0.265306 0.039936 0.040816 0.047923
0 0.134454 0.168530 0.040816 0.043131
0 0.088235 0.196486 0.042017 0.054313
0 0.052221 0.235623 0.058824 0.084665
0 0.126651 0.204473 0.030012 0.035144
0 0.133253 0.264377 0.043217 0.059105
0 0.095438 0.283546 0.027611 0.039936
1 0.227491 0.305911 0.056423 0.043131
1 0.527611 0.271565 0.046819 0.054313
1 0.200480 0.343450 0.038415 0.038339
1 0.026411 0.430511 0.040816 0.046326
1 0.037215 0.481629 0.036014 0.052716
1 0.073830 0.517572 0.032413 0.038339
1 0.947779 0.043930 0.030012 0.046326
1 0.456182 0.036741 0.050420 0.054313
1 0.346339 0.154952 0.039616 0.051118
1 0.766507 0.016773 0.037215 0.030351
1 0.650060 0.022364 0.034814 0.035144
1 0.686675 0.068690 0.036014 0.038339
1 0.054022 0.030351 0.038415 0.047923
1 0.036615 0.076677 0.027611 0.035144
1 0.106843 0.061502 0.038415 0.039936
1 0.178872 0.096645 0.024010 0.039936
0 0.609844 0.502396 0.024010 0.039936
0 0.586435 0.522364 0.022809 0.028754
0 0.559424 0.556709 0.026411 0.030351
0 0.616447 0.571885 0.030012 0.035144
0 0.705882 0.540735 0.048019 0.043131
0 0.590036 0.646166 0.030012 0.036741
0 0.770108 0.633387 0.037215 0.049521
0 0.744298 0.658946 0.028812 0.033546
0 0.718487 0.628594 0.027611 0.039936
0 0.650660 0.774760 0.028812 0.031949
0 0.605642 0.899361 0.034814 0.047923
0 0.750300 0.789137 0.057623 0.067093
0 0.806122 0.753994 0.054022 0.076677
0 0.870948 0.610224 0.022809 0.035144
0 0.835534 0.498403 0.028812 0.038339
0 0.318727 0.108626 0.034814 0.038339
