0 0.533013 0.798722 0.096038 0.134185
0 0.615846 0.531150 0.038415 0.055911
0 0.904562 0.592652 0.078031 0.083067
0 0.758703 0.571086 0.040816 0.068690
0 0.899760 0.403355 0.061224 0.062300
0 0.778511 0.285144 0.066026 0.103834
0 0.147659 0.117412 0.057623 0.071885
0 0.018007 0.404952 0.031212 0.126198
0 0.156663 0.965655 0.046819 0.068690
0 0.214286 0.786741 0.049220 0.065495
0 0.372749 0.369808 0.039616 0.059105
1 0.513205 0.150958 0.042017 0.052716
1 0.231693 0.321086 0.045618 0.057508
1 0.271309 0.944888 0.050420 0.062300
1 0.833133 0.847444 0.040816 0.046326
1 0.681273 0.734824 0.054022 0.051118
0 0.959184 0.817093 0.033613 0.059105
0 0.768908 0.734824 0.032413 0.041534
0 0.854742 0.702875 0.036014 0.051118
0 0.683073 0.437700 0.045618 0.073482
0 0.815726 0.071885 0.224490 0.121406
0 0.764106 0.150160 0.054022 0.060703
0 0.573830 0.035942 0.040816 0.043131
0 0.471188 0.433706 0.044418 0.062300
0 0.978391 0.376997 0.043217 0.070288
0 0.834334 0.558307 0.045618 0.068690
0 0.324130 0.722843 0.048019 0.071885
0 0.635054 0.815495 0.038415 0.052716
0 0.712485 0.964856 0.025210 0.041534
0 0.735894 0.884984 0.033613 0.054313
1 0.037815 0.684505 0.034814 0.055911
0 0.357743 0.158946 0.040816 0.059105
1 0.348739 0.069489 0.054022 0.059105
0 0.488595 0.967252 0.088836 0.065495
0 0.355942 0.949681 0.068427 0.100639
0 0.660264 0.076677 0.067227 0.092652
0 0.609244 0.424121 0.046819 0.071885
