0 0.311525 0.361821 0.493397 0.583067
0 0.537815 0.611022 0.055222 0.078275
0 0.524610 0.310703 0.052821 0.052716
0 0.633253 0.435304 0.104442 0.129393
0 0.631453 0.281949 0.045618 0.062300
0 0.795918 0.258786 0.069628 0.063898
0 0.316927 0.091853 0.043217 0.052716
0 0.066026 0.047125 0.038415 0.049521
0 0.016807 0.498403 0.031212 0.073482
0 0.710684 0.787540 0.050420 0.067093
0 0.693277 0.738818 0.037215 0.039936
0 0.590636 0.973642 0.084034 0.052716
0 0.934574 0.686102 0.054022 0.071885
0 0.894958 0.730032 0.037215 0.038339
0 0.869748 0.654952 0.034814 0.041534
0 0.958583 0.497604 0.037215 0.049521
0 0.855342 0.505591 0.039616 0.036741
0 0.884154 0.476038 0.037215 0.044728
0 0.827131 0.517572 0.040816 0.057508
0 0.908163 0.304313 0.054022 0.046326
0 0.791717 0.118211 0.049220 0.057508
0 0.938175 0.029553 0.044418 0.049521
0 0.903962 0.884984 0.048019 0.057508
0 0.363745 0.826677 0.036014 0.046326
0 0.421969 0.837061 0.054022 0.057508
0 0.400960 0.961661 0.043217 0.044728
0 0.344538 0.966454 0.036014 0.041534
0 0.035414 0.056709 0.022809 0.039936
1 0.128451 0.712460 0.028812 0.051118
1 0.066026 0.859425 0.045618 0.054313
1 0.114046 0.804313 0.048019 0.055911
1 0.016206 0.919329 0.030012 0.062300
1 0.192077 0.787540 0.045618 0.041534
0 0.539016 0.548722 0.038415 0.039936
0 0.802521 0.738818 0.073229 0.071885
1 0.969388 0.870607 0.042017 0.054313
