0 0.564826 0.750000 0.522209 0.500000
0 0.752701 0.606230 0.081633 0.119808
0 0.697479 0.658147 0.033613 0.057508
0 0.792917 0.746805 0.051621 0.055911
0 0.714286 0.463259 0.048019 0.076677
0 0.920168 0.456869 0.066026 0.108626
0 0.834334 0.250000 0.048019 0.084665
0 0.805522 0.071885 0.028812 0.038339
0 0.471188 0.075080 0.169268 0.146965
0 0.072029 0.031949 0.045618 0.057508
0 0.039616 0.710863 0.069628 0.111821
0 0.156062 0.749201 0.057623 0.063898
0 0.045618 0.871406 0.055222 0.068690
1 0.654862 0.042332 0.066026 0.078275
1 0.151861 0.192492 0.051621 0.059105
1 0.185474 0.062300 0.046819 0.060703
1 0.267707 0.037540 0.028812 0.043131
1 0.313926 0.222843 0.051621 0.084665
1 0.298920 0.468850 0.045618 0.065495
1 0.685474 0.265974 0.043217 0.065495
1 0.145258 0.951278 0.036014 0.049521
1 0.027611 0.105431 0.028812 0.057508
1 0.322929 0.063099 0.031212 0.055911
1 0.840936 0.065495 0.039616 0.051118
0 0.080432 0.464856 0.074430 0.102236
