0 0.315726 0.474441 0.072029 0.079872
0 0.633854 0.472045 0.050420 0.052716
0 0.150660 0.229233 0.066026 0.084665
0 0.039016 0.643770 0.066026 0.073482
0 0.017407 0.700479 0.032413 0.046326
0 0.070828 0.810703 0.040816 0.071885
0 0.026411 0.935304 0.036014 0.052716
0 0.203481 0.941693 0.054022 0.075080
0 0.697479 0.826677 0.060024 0.071885
0 0.458583 0.955272 0.055222 0.067093
1 0.161465 0.976837 0.032413 0.043131
1 0.686074 0.737220 0.049220 0.068690
1 0.672269 0.940895 0.045618 0.092652
1 0.224490 0.761981 0.036014 0.073482
1 0.078631 0.064696 0.138055 0.087859
0 0.602641 0.299521 0.036014 0.055911
0 0.857743 0.213259 0.034814 0.059105
0 0.270708 0.699681 0.042017 0.057508
0 0.382953 0.752396 0.112845 0.134185
