1 0.599640 0.833866 0.068427 0.111821
1 0.785114 0.336262 0.064826 0.068690
1 0.772509 0.152556 0.054022 0.084665
1 0.711885 0.072684 0.052821 0.091054
1 0.618247 0.395367 0.060024 0.100639
1 0.537215 0.551118 0.054022 0.095847
1 0.400960 0.684505 0.100840 0.126198
1 0.243097 0.706070 0.056423 0.095847
1 0.335534 0.389776 0.046819 0.051118
1 0.105042 0.325080 0.044418 0.078275
1 0.944178 0.953674 0.078031 0.079872
1 0.885354 0.637380 0.025210 0.051118
1 0.833733 0.512780 0.066026 0.095847
1 0.714886 0.816294 0.056423 0.079872
1 0.432173 0.241214 0.048019 0.079872
1 0.272509 0.373003 0.052821 0.084665
0 0.228091 0.509585 0.048019 0.076677
0 0.124850 0.496805 0.060024 0.076677
0 0.117647 0.049521 0.067227 0.073482
0 0.250900 0.043131 0.076831 0.076677
0 0.033013 0.142173 0.046819 0.079872
1 0.447779 0.025559 0.081633 0.041534
1 0.542017 0.293930 0.058824 0.060703
0 0.834934 0.970447 0.090036 0.059105
