0 0.096639 0.215655 0.092437 0.150160
0 0.333733 0.118211 0.067227 0.115016
0 0.368547 0.436901 0.076831 0.107029
0 0.245498 0.679712 0.058824 0.100639
0 0.163866 0.920128 0.116447 0.115016
0 0.516807 0.873802 0.068427 0.089457
0 0.714286 0.932109 0.036014 0.043131
0 0.889556 0.149361 0.036014 0.075080
0 0.280312 0.277157 0.044418 0.084665
0 0.328331 0.223642 0.032413 0.089457
0 0.549820 0.327476 0.031212 0.067093
0 0.690276 0.576677 0.038415 0.067093
0 0.030612 0.562300 0.051621 0.054313
0 0.107443 0.454473 0.039616 0.052716
0 0.073830 0.440096 0.034814 0.062300
0 0.205882 0.396965 0.027611 0.036741
0 0.348739 0.809904 0.037215 0.044728
0 0.716086 0.735623 0.037215 0.062300
0 0.809724 0.585463 0.025210 0.043131
0 0.876351 0.298722 0.038415 0.067093
0 0.920768 0.221246 0.040816 0.049521
0 0.465786 0.167732 0.040816 0.051118
0 0.593037 0.036741 0.033613 0.054313
0 0.830132 0.060703 0.044418 0.076677
0 0.887155 0.836262 0.036014 0.036741
0 0.587635 0.530351 0.027611 0.038339
0 0.575030 0.468051 0.031212 0.051118
0 0.834334 0.503195 0.036014 0.044728
0 0.011405 0.289137 0.020408 0.022364
0 0.336134 0.022364 0.021609 0.025559
0 0.297719 0.356230 0.040816 0.035144
0 0.286315 0.330671 0.020408 0.019169
0 0.115246 0.121406 0.016807 0.019169
0 0.075630 0.387380 0.031212 0.039936
0 0.147059 0.448083 0.020408 0.036741
0 0.300720 0.560703 0.018007 0.022364
0 0.282113 0.542332 0.019208 0.023962
0 0.168667 0.328275 0.022809 0.023962
0 0.242497 0.610224 0.012005 0.015974
0 0.188475 0.615815 0.019208 0.023962
0 0.232293 0.492013 0.013205 0.019169
0 0.166867 0.519169 0.016807 0.015974
0 0.007203 0.851438 0.012005 0.025559
0 0.030612 0.747604 0.022809 0.019169
0 0.019208 0.731629 0.014406 0.019169
0 0.337935 0.937700 0.015606 0.031949
0 0.228091 0.941693 0.021609 0.027157
0 0.187275 0.985623 0.024010 0.019169
0 0.273709 0.772364 0.019208 0.023962
0 0.222689 0.142971 0.013205 0.023962
0 0.786315 0.414537 0.033613 0.036741
0 0.824730 0.374601 0.060024 0.065495
0 0.749100 0.107827 0.014406 0.020767
0 0.705282 0.192492 0.013205 0.017572
0 0.867347 0.650160 0.042017 0.051118
0 0.631453 0.684505 0.021609 0.023962
0 0.738896 0.655751 0.020408 0.017572
0 0.672869 0.621406 0.020408 0.025559
0 0.920168 0.628594 0.015606 0.027157
0 0.932773 0.605431 0.014406 0.019169
0 0.753902 0.979233 0.036014 0.031949
0 0.657863 0.757188 0.021609 0.025559
0 0.777911 0.863419 0.012005 0.017572
0 0.986795 0.858626 0.024010 0.036741
0 0.855942 0.694888 0.014406 0.019169
0 0.551020 0.204473 0.024010 0.028754
0 0.510204 0.173323 0.014406 0.030351
0 0.444778 0.083067 0.022809 0.025559
0 0.423770 0.096645 0.031212 0.033546
0 0.699880 0.365016 0.014406 0.020767
0 0.560624 0.141374 0.019208 0.027157
0 0.735894 0.046326 0.012005 0.022364
0 0.522209 0.081470 0.021609 0.031949
0 0.508403 0.596645 0.025210 0.030351
0 0.532413 0.400160 0.022809 0.033546
0 0.704682 0.467252 0.014406 0.020767
0 0.501200 0.953674 0.039616 0.051118
0 0.594238 0.969649 0.014406 0.025559
0 0.657263 0.929712 0.010804 0.022364
0 0.535414 0.708466 0.016807 0.027157
0 0.699880 0.973642 0.016807 0.020767
0 0.507803 0.531150 0.024010 0.020767
0 0.549220 0.029553 0.015606 0.023962
0 0.621248 0.123003 0.015606 0.015974
0 0.439976 0.222843 0.015606 0.014377
0 0.430372 0.014377 0.015606 0.022364
0 0.339136 0.373802 0.015606 0.012780
0 0.327731 0.301917 0.026411 0.019169
0 0.435174 0.607029 0.018007 0.022364
0 0.473589 0.907348 0.018007 0.025559
0 0.271309 0.929712 0.016807 0.022364
0 0.129052 0.731629 0.027611 0.035144
0 0.394358 0.771565 0.020408 0.025559
0 0.099040 0.801917 0.020408 0.025559
0 0.026411 0.208466 0.026411 0.043131
0 0.106242 0.159744 0.020408 0.022364
0 0.126651 0.266773 0.020408 0.022364
0 0.279712 0.130990 0.016807 0.025559
0 0.746098 0.216454 0.034814 0.039936
0 0.450780 0.512780 0.042017 0.047923
0 0.128451 0.054313 0.062425 0.060703
0 0.508403 0.323482 0.034814 0.055911
0 0.084634 0.557508 0.051621 0.076677
