1 0.345138 0.263578 0.150060 0.178914
0 0.863145 0.204473 0.055222 0.054313
0 0.840936 0.497604 0.054022 0.065495
0 0.656062 0.777157 0.056423 0.084665
1 0.494598 0.942492 0.096038 0.115016
1 0.298319 0.963259 0.126050 0.073482
1 0.913565 0.660543 0.033613 0.052716
1 0.960384 0.627796 0.024010 0.044728
1 0.599040 0.016773 0.028812 0.030351
1 0.100240 0.162939 0.042017 0.054313
1 0.061825 0.148562 0.032413 0.041534
1 0.097239 0.072684 0.028812 0.046326
1 0.021609 0.733227 0.040816 0.057508
1 0.399160 0.681310 0.049220 0.036741
1 0.556423 0.418530 0.034814 0.051118
1 0.275510 0.089457 0.037215 0.051118
1 0.806723 0.935304 0.057623 0.129393
