0 0.373349 0.236422 0.074430 0.105431
0 0.561224 0.484026 0.042017 0.070288
0 0.298319 0.873802 0.037215 0.057508
0 0.196879 0.825080 0.043217 0.068690
0 0.178271 0.867412 0.025210 0.044728
0 0.172869 0.948882 0.031212 0.041534
0 0.055822 0.092652 0.046819 0.054313
0 0.176471 0.265176 0.031212 0.035144
0 0.273109 0.190096 0.034814 0.047923
0 0.426170 0.087061 0.033613 0.043131
0 0.326531 0.042332 0.040816 0.055911
0 0.195678 0.076677 0.021609 0.031949
0 0.231092 0.451278 0.054022 0.062300
0 0.123649 0.394569 0.038415 0.047923
0 0.178872 0.424920 0.038415 0.051118
0 0.177671 0.459265 0.040816 0.030351
0 0.249100 0.682109 0.039616 0.060703
0 0.080432 0.722045 0.036014 0.044728
0 0.096639 0.669329 0.039616 0.038339
0 0.433373 0.638179 0.048019 0.046326
0 0.376951 0.633387 0.028812 0.033546
0 0.357143 0.642173 0.025210 0.035144
0 0.370948 0.563099 0.036014 0.043131
0 0.400960 0.579872 0.021609 0.044728
0 0.430972 0.574281 0.033613 0.055911
0 0.397959 0.333067 0.054022 0.049521
0 0.340336 0.375399 0.037215 0.057508
0 0.460984 0.432907 0.024010 0.031949
0 0.190276 0.356230 0.020408 0.035144
0 0.234694 0.908147 0.034814 0.059105
0 0.219688 0.968850 0.033613 0.055911
0 0.122449 0.964058 0.021609 0.055911
0 0.046218 0.934505 0.042017 0.041534
0 0.644058 0.940096 0.039616 0.062300
0 0.761705 0.781949 0.034814 0.049521
0 0.928571 0.652556 0.039616 0.078275
0 0.643457 0.604633 0.031212 0.059105
0 0.651261 0.726837 0.037215 0.047923
0 0.639856 0.678914 0.028812 0.051118
0 0.553421 0.651757 0.045618 0.092652
0 0.695078 0.385783 0.043217 0.059105
0 0.685474 0.331470 0.050420 0.052716
0 0.897959 0.392173 0.040816 0.027157
0 0.954382 0.452077 0.045618 0.060703
0 0.812125 0.350639 0.042017 0.046326
0 0.695678 0.948882 0.049220 0.054313
0 0.506002 0.875399 0.039616 0.031949
0 0.956783 0.276358 0.060024 0.115016
0 0.917767 0.189297 0.018007 0.036741
0 0.855342 0.038339 0.037215 0.038339
0 0.438175 0.123802 0.036014 0.039936
0 0.185474 0.722843 0.027611 0.027157
0 0.413565 0.871406 0.037215 0.039936
0 0.600240 0.937700 0.038415 0.054313
0 0.510804 0.028754 0.068427 0.054313
0 0.693878 0.661342 0.033613 0.057508
0 0.791717 0.609425 0.030012 0.055911
0 0.911164 0.113419 0.021609 0.025559
0 0.528812 0.531150 0.032413 0.036741
0 0.966387 0.868211 0.021609 0.036741
0 0.873950 0.970447 0.031212 0.059105
0 0.812125 0.856230 0.037215 0.041534
0 0.775510 0.904952 0.048019 0.039936
0 0.289916 0.793131 0.025210 0.039936
0 0.102641 0.482428 0.027611 0.025559
0 0.204682 0.610224 0.037215 0.035144
0 0.877551 0.627796 0.028812 0.038339
0 0.869748 0.690096 0.030012 0.041534
0 0.759304 0.748403 0.037215 0.039936
0 0.483794 0.828275 0.028812 0.043131
0 0.626651 0.094249 0.038415 0.089457
