1 0.776110 0.790735 0.066026 0.086262
1 0.825930 0.805112 0.038415 0.063898
1 0.972989 0.833866 0.054022 0.089457
1 0.603241 0.738818 0.056423 0.075080
1 0.300720 0.682109 0.058824 0.089457
0 0.171669 0.779553 0.033613 0.044728
0 0.136255 0.917732 0.061224 0.071885
0 0.104442 0.823482 0.050420 0.055911
0 0.061825 0.849840 0.039616 0.028754
0 0.106242 0.716454 0.042017 0.043131
0 0.081032 0.739617 0.037215 0.044728
0 0.098439 0.264377 0.052821 0.084665
1 0.820528 0.730032 0.039616 0.054313
0 0.986795 0.556709 0.026411 0.097444
1 0.745498 0.413738 0.057623 0.070288
1 0.746098 0.648562 0.063625 0.086262
1 0.539016 0.604633 0.069628 0.065495
1 0.480792 0.437700 0.070828 0.089457
1 0.396759 0.384185 0.054022 0.062300
1 0.354142 0.315495 0.064826 0.071885
1 0.321729 0.262780 0.040816 0.052716
1 0.449580 0.285942 0.056423 0.063898
1 0.434574 0.137380 0.033613 0.054313
1 0.309124 0.123802 0.034814 0.062300
1 0.340936 0.067891 0.043217 0.052716
1 0.234694 0.103035 0.058824 0.052716
1 0.211885 0.037540 0.054022 0.071885
1 0.126651 0.405751 0.034814 0.057508
1 0.202281 0.385783 0.037215 0.043131
1 0.039616 0.416933 0.043217 0.041534
1 0.087635 0.441693 0.031212 0.043131
1 0.103842 0.592652 0.044418 0.067093
1 0.033613 0.623802 0.026411 0.055911
1 0.034214 0.725240 0.039616 0.067093
1 0.343337 0.814696 0.033613 0.041534
1 0.258103 0.857029 0.028812 0.039936
1 0.478391 0.892971 0.032413 0.038339
1 0.531813 0.925719 0.055222 0.068690
1 0.719088 0.833067 0.033613 0.033546
1 0.964586 0.296326 0.039616 0.059105
1 0.729292 0.118211 0.061224 0.063898
0 0.843938 0.017572 0.026411 0.031949
0 0.774310 0.019169 0.055222 0.035144
