0 0.425570 0.459265 0.126050 0.142173
0 0.520408 0.515974 0.078031 0.115016
1 0.606843 0.313898 0.058824 0.091054
0 0.938175 0.181310 0.075630 0.081470
0 0.962185 0.798722 0.046819 0.086262
0 0.782713 0.847444 0.045618 0.071885
0 0.869148 0.888978 0.038415 0.055911
0 0.950780 0.914537 0.043217 0.062300
0 0.963986 0.964856 0.043217 0.057508
0 0.381152 0.906550 0.037215 0.071885
0 0.420768 0.914537 0.042017 0.091054
0 0.258103 0.936102 0.098439 0.127796
1 0.037215 0.827476 0.050420 0.099042
0 0.202281 0.215655 0.092437 0.130990
0 0.094838 0.089457 0.091236 0.115016
0 0.130852 0.273962 0.055222 0.071885
0 0.078031 0.325080 0.052821 0.065495
0 0.070228 0.387380 0.046819 0.068690
1 0.537215 0.150160 0.044418 0.060703
1 0.655462 0.066294 0.043217 0.062300
1 0.698679 0.039936 0.036014 0.063898
1 0.902761 0.050319 0.043217 0.052716
1 0.944178 0.310703 0.037215 0.065495
1 0.947179 0.435304 0.038415 0.059105
1 0.355342 0.771565 0.033613 0.047923
1 0.553421 0.773163 0.028812 0.041534
1 0.551621 0.676518 0.034814 0.049521
1 0.348139 0.642971 0.036014 0.052716
1 0.082233 0.578275 0.027611 0.054313
1 0.013806 0.645367 0.025210 0.057508
1 0.056423 0.741214 0.036014 0.067093
1 0.830132 0.254792 0.034814 0.075080
1 0.659664 0.235623 0.051621 0.046326
1 0.731092 0.306709 0.036014 0.054313
1 0.826531 0.661342 0.046819 0.079872
