0 0.193878 0.218051 0.123649 0.138978
0 0.932773 0.107827 0.050420 0.059105
0 0.868547 0.211661 0.042017 0.052716
0 0.987395 0.223642 0.025210 0.054313
0 0.945978 0.451278 0.074430 0.107029
0 0.979592 0.685304 0.040816 0.140575
0 0.475990 0.670128 0.034814 0.043131
0 0.380552 0.730032 0.043217 0.054313
0 0.295918 0.695687 0.025210 0.043131
0 0.203481 0.505591 0.054022 0.052716
0 0.229892 0.580671 0.037215 0.062300
0 0.039616 0.456869 0.036014 0.041534
0 0.428571 0.392173 0.052821 0.059105
0 0.907563 0.210863 0.026411 0.041534
0 0.557023 0.090256 0.064826 0.075080
0 0.302521 0.179712 0.036014 0.062300
0 0.267107 0.156550 0.037215 0.070288
0 0.090636 0.052716 0.042017 0.063898
0 0.092437 0.116613 0.045618 0.047923
1 0.024610 0.253195 0.046819 0.068690
1 0.267107 0.962460 0.104442 0.075080
1 0.451981 0.863419 0.046819 0.049521
1 0.490396 0.776358 0.054022 0.067093
1 0.516206 0.730831 0.057623 0.055911
1 0.656663 0.979233 0.045618 0.041534
1 0.518607 0.886581 0.062425 0.076677
1 0.581032 0.790735 0.038415 0.047923
1 0.620648 0.297125 0.038415 0.054313
1 0.618848 0.072684 0.042017 0.059105
1 0.042617 0.670927 0.037215 0.044728
1 0.325330 0.548722 0.038415 0.052716
1 0.304922 0.445687 0.028812 0.038339
1 0.393157 0.074281 0.025210 0.030351
1 0.409964 0.094249 0.032413 0.035144
1 0.737695 0.065495 0.025210 0.035144
1 0.781513 0.206869 0.021609 0.030351
1 0.726291 0.494409 0.031212 0.043131
0 0.780312 0.884984 0.028812 0.041534
0 0.831933 0.717252 0.024010 0.038339
0 0.851140 0.665335 0.021609 0.033546
0 0.524610 0.325879 0.031212 0.041534
0 0.200480 0.738019 0.031212 0.044728
0 0.494598 0.549521 0.019208 0.038339
0 0.666867 0.329872 0.034814 0.052716
0 0.460984 0.270767 0.026411 0.020767
0 0.381152 0.338658 0.027611 0.038339
0 0.381753 0.438498 0.026411 0.046326
