0 0.704682 0.055911 0.122449 0.108626
0 0.520408 0.092652 0.056423 0.079872
0 0.493998 0.120607 0.030012 0.039936
0 0.637455 0.112620 0.043217 0.043131
0 0.833133 0.159744 0.036014 0.041534
0 0.911765 0.015176 0.044418 0.027157
0 0.872149 0.015974 0.027611 0.028754
0 0.936375 0.072684 0.031212 0.039936
0 0.891957 0.245208 0.026411 0.030351
0 0.955582 0.649361 0.033613 0.043131
1 0.799520 0.669329 0.038415 0.057508
0 0.831333 0.602236 0.032413 0.047923
0 0.654862 0.976837 0.063625 0.046326
0 0.144058 0.408946 0.076831 0.089457
0 0.178872 0.315495 0.067227 0.081470
1 0.157863 0.223642 0.027611 0.038339
1 0.097839 0.283546 0.039616 0.062300
1 0.069628 0.658946 0.045618 0.065495
1 0.277911 0.809904 0.116447 0.156550
0 0.459784 0.645367 0.057623 0.073482
0 0.385354 0.884185 0.069628 0.078275
0 0.929172 0.802716 0.052821 0.075080
0 0.602641 0.559904 0.033613 0.046326
0 0.502401 0.444089 0.049220 0.041534
0 0.490996 0.479233 0.036014 0.028754
0 0.402161 0.332268 0.036014 0.035144
0 0.375750 0.283546 0.033613 0.046326
0 0.370348 0.351438 0.030012 0.038339
0 0.597239 0.273962 0.034814 0.043131
0 0.687875 0.263578 0.028812 0.028754
0 0.703481 0.297125 0.036014 0.038339
0 0.720288 0.171725 0.031212 0.030351
0 0.463986 0.095048 0.025210 0.033546
1 0.413565 0.030351 0.022809 0.038339
1 0.135054 0.114217 0.034814 0.036741
1 0.103842 0.077476 0.020408 0.030351
1 0.078031 0.047923 0.026411 0.031949
1 0.032413 0.211661 0.031212 0.030351
1 0.043818 0.149361 0.025210 0.027157
1 0.124850 0.241214 0.031212 0.031949
1 0.108643 0.795527 0.032413 0.044728
1 0.890756 0.505591 0.043217 0.055911
1 0.866747 0.527955 0.036014 0.043131
1 0.811525 0.876198 0.038415 0.059105
1 0.935174 0.311502 0.043217 0.063898
1 0.920168 0.266773 0.037215 0.041534
1 0.666867 0.689297 0.037215 0.049521
1 0.599040 0.718051 0.024010 0.036741
1 0.540816 0.668530 0.027611 0.043131
1 0.545018 0.814696 0.031212 0.035144
0 0.161465 0.484824 0.027611 0.043131
1 0.225090 0.165335 0.039616 0.046326
1 0.180072 0.099042 0.033613 0.038339
1 0.769508 0.319489 0.028812 0.044728
1 0.754502 0.099042 0.046819 0.057508
0 0.439376 0.361821 0.031212 0.036741
0 0.400360 0.391374 0.027611 0.031949
0 0.611645 0.344249 0.032413 0.039936
0 0.549820 0.290735 0.021609 0.038339
0 0.304922 0.195687 0.031212 0.036741
0 0.120648 0.853834 0.025210 0.036741
0 0.696879 0.872204 0.025210 0.035144
