0 0.977191 0.293930 0.045618 0.083067
1 0.937575 0.649361 0.081633 0.107029
1 0.178872 0.416134 0.052821 0.065495
1 0.269508 0.331470 0.046819 0.062300
1 0.599640 0.254792 0.039616 0.043131
1 0.305522 0.517572 0.030012 0.044728
1 0.268307 0.789137 0.030012 0.047923
1 0.281513 0.638179 0.044418 0.046326
1 0.340336 0.778754 0.039616 0.052716
1 0.305522 0.925719 0.042017 0.049521
1 0.459784 0.794728 0.048019 0.055911
1 0.470588 0.837061 0.021609 0.031949
1 0.576831 0.777157 0.049220 0.055911
1 0.572029 0.855431 0.022809 0.039936
1 0.542017 0.909744 0.034814 0.036741
1 0.400960 0.890575 0.040816 0.052716
1 0.800120 0.823482 0.042017 0.046326
1 0.825930 0.745208 0.036014 0.039936
1 0.904562 0.913738 0.034814 0.054313
1 0.010804 0.183706 0.019208 0.076677
1 0.012605 0.318690 0.022809 0.055911
0 0.428571 0.133387 0.026411 0.030351
0 0.186074 0.037540 0.028812 0.033546
0 0.527611 0.694089 0.020408 0.030351
0 0.435174 0.689297 0.032413 0.030351
0 0.657863 0.923323 0.026411 0.035144
0 0.645858 0.865016 0.026411 0.020767
0 0.630252 0.848243 0.019208 0.025559
0 0.759304 0.407348 0.030012 0.057508
0 0.902161 0.369010 0.034814 0.038339
0 0.704082 0.281150 0.030012 0.031949
0 0.635654 0.301118 0.022809 0.030351
0 0.927971 0.777955 0.026411 0.028754
0 0.946579 0.827476 0.018007 0.028754
0 0.748499 0.943291 0.034814 0.036741
0 0.594238 0.984026 0.028812 0.031949
0 0.348739 0.314696 0.027611 0.044728
0 0.279112 0.174920 0.018007 0.027157
0 0.204082 0.123003 0.024010 0.044728
0 0.888956 0.225240 0.025210 0.031949
