0 0.543217 0.214856 0.116447 0.164537
0 0.562425 0.658946 0.056423 0.087859
0 0.642257 0.557508 0.060024 0.063898
0 0.884754 0.702077 0.074430 0.084665
0 0.382353 0.404952 0.063625 0.075080
0 0.213085 0.506390 0.056423 0.057508
0 0.061825 0.646166 0.058824 0.094249
0 0.040816 0.514377 0.040816 0.070288
0 0.106242 0.563898 0.037215 0.060703
0 0.183073 0.585463 0.051621 0.075080
1 0.412365 0.182907 0.058824 0.049521
1 0.219688 0.250799 0.038415 0.051118
1 0.210084 0.412939 0.036014 0.052716
1 0.325330 0.710863 0.067227 0.079872
1 0.021609 0.941693 0.040816 0.094249
0 0.647059 0.837061 0.067227 0.086262
0 0.858343 0.553514 0.045618 0.052716
0 0.302521 0.856230 0.048019 0.073482
0 0.766507 0.293131 0.046819 0.055911
0 0.938776 0.238019 0.028812 0.067093
0 0.688475 0.109425 0.039616 0.071885
0 0.953181 0.932907 0.045618 0.070288
1 0.406363 0.269169 0.032413 0.046326
0 0.424970 0.030351 0.098439 0.054313
1 0.445978 0.540735 0.044418 0.052716
0 0.871549 0.768371 0.052821 0.038339
0 0.983193 0.626997 0.033613 0.065495
1 0.556423 0.411342 0.044418 0.071885
1 0.232893 0.069489 0.043217 0.071885
