0 0.942377 0.200479 0.115246 0.151757
0 0.966387 0.706869 0.067227 0.113419
0 0.584634 0.943291 0.036014 0.030351
1 0.018607 0.916134 0.034814 0.068690
1 0.075030 0.124601 0.049220 0.073482
1 0.468788 0.194888 0.039616 0.051118
1 0.451981 0.106230 0.046819 0.055911
1 0.552821 0.053514 0.046819 0.052716
1 0.598439 0.015176 0.030012 0.027157
1 0.588235 0.061502 0.026411 0.033546
1 0.689676 0.022364 0.039616 0.041534
1 0.759904 0.033546 0.036014 0.047923
1 0.707083 0.088658 0.036014 0.036741
1 0.852341 0.033546 0.028812 0.044728
1 0.839136 0.098243 0.045618 0.046326
1 0.764706 0.130192 0.038415 0.036741
1 0.711885 0.250000 0.057623 0.084665
1 0.771909 0.345048 0.048019 0.051118
1 0.701681 0.377796 0.042017 0.049521
1 0.720888 0.500799 0.044418 0.046326
1 0.863145 0.486422 0.048019 0.059105
1 0.794118 0.535144 0.044418 0.051118
1 0.896759 0.361821 0.028812 0.052716
1 0.882353 0.714856 0.045618 0.043131
1 0.533013 0.653355 0.036014 0.044728
1 0.521008 0.695687 0.050420 0.055911
1 0.528812 0.863419 0.070828 0.078275
1 0.334934 0.937700 0.048019 0.041534
1 0.294118 0.886581 0.036014 0.038339
1 0.055222 0.678115 0.031212 0.039936
1 0.017407 0.674121 0.027611 0.038339
1 0.152461 0.340256 0.043217 0.041534
1 0.104442 0.380192 0.033613 0.041534
1 0.635654 0.611022 0.030012 0.049521
1 0.676471 0.634185 0.037215 0.038339
1 0.737095 0.611821 0.031212 0.025559
1 0.758103 0.646965 0.037215 0.038339
1 0.772509 0.745208 0.032413 0.036741
1 0.767107 0.802716 0.021609 0.033546
1 0.803721 0.801118 0.022809 0.027157
1 0.849340 0.845847 0.051621 0.052716
1 0.839136 0.972843 0.048019 0.054313
0 0.045618 0.574281 0.019208 0.027157
0 0.159664 0.646166 0.028812 0.039936
0 0.085834 0.639776 0.018007 0.023962
0 0.296519 0.611022 0.026411 0.033546
0 0.264106 0.677316 0.024010 0.019169
0 0.235894 0.610224 0.020408 0.038339
0 0.030612 0.537540 0.025210 0.036741
0 0.041417 0.294728 0.025210 0.023962
0 0.021609 0.265176 0.026411 0.035144
0 0.263505 0.986422 0.046819 0.027157
0 0.346339 0.847444 0.027611 0.023962
0 0.306723 0.806709 0.032413 0.041534
0 0.376351 0.256390 0.034814 0.046326
0 0.313325 0.289137 0.038415 0.044728
0 0.569028 0.020767 0.036014 0.028754
0 0.920768 0.017572 0.019208 0.031949
0 0.879952 0.039936 0.024010 0.028754
0 0.138655 0.103035 0.020408 0.027157
0 0.611645 0.397764 0.025210 0.044728
0 0.516206 0.394569 0.024010 0.025559
0 0.492197 0.388978 0.026411 0.027157
0 0.275510 0.393770 0.051621 0.055911
0 0.242497 0.445687 0.064826 0.076677
