0 0.070228 0.365016 0.138055 0.196486
0 0.149460 0.091054 0.049220 0.099042
0 0.033013 0.085463 0.063625 0.084665
0 0.151261 0.434505 0.033613 0.041534
0 0.116447 0.577476 0.048019 0.065495
0 0.174670 0.479233 0.044418 0.047923
0 0.437575 0.453674 0.046819 0.067093
0 0.602641 0.479233 0.064826 0.092652
0 0.600840 0.694888 0.092437 0.115016
0 0.394958 0.730831 0.033613 0.059105
0 0.274310 0.589457 0.034814 0.060703
0 0.723289 0.784345 0.039616 0.067093
0 0.624850 0.953674 0.030012 0.057508
0 0.611645 0.091054 0.075630 0.146965
0 0.678271 0.047125 0.105642 0.091054
0 0.804322 0.034345 0.096038 0.065495
0 0.711285 0.200479 0.044418 0.078275
0 0.518607 0.170128 0.050420 0.091054
0 0.926771 0.431310 0.033613 0.057508
0 0.928571 0.619808 0.025210 0.051118
0 0.772509 0.958466 0.075630 0.083067
0 0.581032 0.930511 0.026411 0.039936
1 0.521008 0.753195 0.036014 0.059105
1 0.498800 0.630192 0.022809 0.033546
1 0.677671 0.399361 0.066026 0.083067
1 0.846939 0.224441 0.061224 0.091054
1 0.976591 0.269169 0.046819 0.075080
1 0.832533 0.500799 0.027611 0.039936
1 0.711885 0.539137 0.040816 0.084665
1 0.274910 0.204473 0.038415 0.051118
1 0.227491 0.305911 0.042017 0.062300
1 0.782113 0.663738 0.025210 0.059105
1 0.635054 0.848243 0.033613 0.044728
1 0.578631 0.833866 0.038415 0.041534
1 0.849340 0.434505 0.054022 0.051118
0 0.964586 0.694888 0.051621 0.079872
0 0.987995 0.479233 0.024010 0.089457
0 0.403962 0.595048 0.046819 0.055911
0 0.339736 0.596645 0.026411 0.049521
0 0.356543 0.672524 0.036014 0.057508
0 0.265906 0.733227 0.032413 0.057508
0 0.275510 0.301917 0.044418 0.067093
0 0.382353 0.173323 0.030012 0.049521
0 0.402761 0.023163 0.039616 0.043131
0 0.444178 0.197284 0.038415 0.046326
1 0.436975 0.153355 0.024010 0.054313
1 0.325930 0.067891 0.049220 0.036741
1 0.204082 0.037540 0.043217 0.052716
1 0.076831 0.648562 0.045618 0.076677
0 0.524610 0.945687 0.050420 0.063898
0 0.442377 0.337859 0.034814 0.049521
0 0.586435 0.267572 0.051621 0.068690
0 0.584634 0.371406 0.076831 0.094249
0 0.878752 0.095847 0.072029 0.111821
