0 0.686074 0.462460 0.138055 0.123003
0 0.435174 0.480831 0.061224 0.076677
1 0.183073 0.492013 0.066026 0.076677
1 0.139856 0.551118 0.063625 0.095847
1 0.368547 0.453674 0.036014 0.060703
1 0.467587 0.153355 0.051621 0.063898
1 0.816927 0.563898 0.049220 0.070288
1 0.689076 0.793131 0.050420 0.065495
0 0.420768 0.931310 0.042017 0.108626
0 0.692077 0.212460 0.042017 0.070288
0 0.792317 0.427316 0.055222 0.068690
1 0.866146 0.484824 0.044418 0.059105
1 0.564226 0.480831 0.048019 0.057508
0 0.702281 0.916933 0.045618 0.047923
0 0.507203 0.956869 0.044418 0.051118
0 0.100840 0.871406 0.040816 0.055911
0 0.082833 0.385783 0.040816 0.052716
0 0.580432 0.048722 0.056423 0.055911
0 0.834934 0.896965 0.056423 0.062300
0 0.973589 0.916134 0.052821 0.100639
0 0.941176 0.615016 0.033613 0.047923
1 0.620648 0.671725 0.043217 0.052716
1 0.598439 0.582268 0.025210 0.039936
1 0.361945 0.620607 0.037215 0.046326
0 0.153661 0.833067 0.045618 0.039936
1 0.689076 0.146965 0.031212 0.054313
