0 0.061224 0.481629 0.045618 0.071885
0 0.033613 0.404952 0.055222 0.062300
0 0.012605 0.466454 0.022809 0.025559
0 0.295318 0.752396 0.093637 0.115016
0 0.123649 0.571885 0.045618 0.041534
0 0.183673 0.674121 0.055222 0.067093
0 0.208884 0.746006 0.028812 0.044728
0 0.111044 0.911342 0.066026 0.065495
0 0.104442 0.813898 0.043217 0.059105
0 0.059424 0.815495 0.034814 0.036741
0 0.014406 0.869808 0.026411 0.059105
0 0.015006 0.936901 0.027611 0.062300
0 0.163265 0.969649 0.028812 0.047923
0 0.376351 0.535144 0.054022 0.083067
0 0.326531 0.551917 0.038415 0.039936
0 0.196879 0.293930 0.036014 0.067093
0 0.093037 0.249201 0.032413 0.022364
0 0.052221 0.154952 0.066026 0.057508
0 0.052821 0.045527 0.028812 0.027157
0 0.163265 0.391374 0.031212 0.044728
0 0.192077 0.446486 0.033613 0.036741
0 0.151861 0.465655 0.025210 0.039936
0 0.327131 0.307508 0.042017 0.065495
0 0.469388 0.436102 0.045618 0.047923
0 0.403962 0.429712 0.037215 0.041534
0 0.393758 0.469649 0.026411 0.028754
0 0.559424 0.350639 0.040816 0.043131
0 0.518007 0.381789 0.037215 0.038339
0 0.447179 0.624601 0.025210 0.060703
0 0.471188 0.627796 0.020408 0.031949
0 0.549820 0.654153 0.072029 0.075080
0 0.445978 0.121406 0.030012 0.070288
0 0.538415 0.030351 0.058824 0.057508
0 0.359544 0.031150 0.039616 0.036741
0 0.283914 0.066294 0.044418 0.049521
0 0.274310 0.127796 0.049220 0.060703
0 0.615846 0.447284 0.033613 0.057508
0 0.630252 0.384984 0.050420 0.044728
0 0.557023 0.433706 0.031212 0.043131
0 0.708283 0.698882 0.055222 0.081470
0 0.776711 0.558307 0.045618 0.046326
0 0.597239 0.743610 0.046819 0.059105
0 0.503001 0.825879 0.033613 0.067093
0 0.408163 0.837859 0.031212 0.065495
0 0.388355 0.916134 0.030012 0.046326
0 0.950180 0.821086 0.049220 0.067093
0 0.914166 0.585463 0.042017 0.055911
0 0.851140 0.329073 0.045618 0.054313
0 0.790516 0.260383 0.054022 0.051118
0 0.790516 0.099840 0.066026 0.071885
0 0.669268 0.030351 0.044418 0.031949
0 0.391357 0.126198 0.031212 0.031949
0 0.339736 0.083866 0.026411 0.017572
0 0.466987 0.327476 0.026411 0.028754
0 0.430972 0.270767 0.031212 0.039936
0 0.750900 0.211661 0.039616 0.046326
0 0.726291 0.238019 0.033613 0.044728
0 0.735894 0.377796 0.040816 0.043131
0 0.753902 0.416933 0.038415 0.035144
0 0.795918 0.433706 0.040816 0.030351
0 0.686074 0.496006 0.037215 0.055911
0 0.429172 0.365016 0.034814 0.033546
0 0.654862 0.865815 0.027611 0.035144
0 0.764106 0.804313 0.044418 0.039936
0 0.755702 0.847444 0.039616 0.036741
0 0.837935 0.758786 0.026411 0.060703
0 0.779112 0.941693 0.040816 0.039936
0 0.765906 0.911342 0.040816 0.039936
0 0.819928 0.941693 0.026411 0.055911
0 0.788115 0.984026 0.030012 0.022364
0 0.024010 0.632588 0.026411 0.054313
0 0.800120 0.652556 0.037215 0.100639
0 0.980192 0.472843 0.025210 0.047923
0 0.974190 0.527955 0.020408 0.030351
0 0.450780 0.191693 0.049220 0.054313
0 0.623049 0.823482 0.048019 0.039936
0 0.364346 0.301917 0.034814 0.038339
0 0.360144 0.631789 0.040816 0.023962
0 0.346339 0.599840 0.032413 0.027157
0 0.489796 0.673323 0.031212 0.023962
0 0.507803 0.579073 0.028812 0.046326
0 0.950180 0.285942 0.032413 0.044728
0 0.950180 0.396166 0.034814 0.047923
0 0.952581 0.345847 0.037215 0.046326
0 0.259304 0.437700 0.028812 0.025559
0 0.238896 0.881789 0.028812 0.035144
0 0.237695 0.305911 0.031212 0.027157
0 0.227491 0.256390 0.039616 0.036741
0 0.566627 0.198083 0.038415 0.035144
0 0.659064 0.241214 0.033613 0.031949
0 0.557623 0.273163 0.032413 0.041534
0 0.978992 0.083067 0.039616 0.070288
0 0.911765 0.830671 0.025210 0.054313
0 0.600840 0.897764 0.034814 0.035144
0 0.675870 0.830671 0.036014 0.041534
0 0.660264 0.782748 0.036014 0.028754
0 0.653061 0.479233 0.028812 0.041534
0 0.593637 0.109425 0.022809 0.017572
