1 0.864346 0.610224 0.064826 0.070288
1 0.681873 0.696486 0.067227 0.089457
1 0.054022 0.673323 0.072029 0.097444
1 0.312725 0.162939 0.070828 0.108626
1 0.890156 0.082268 0.058824 0.043131
1 0.331333 0.035942 0.052821 0.062300
1 0.950780 0.277955 0.069628 0.089457
1 0.945978 0.181310 0.055222 0.052716
0 0.061224 0.321885 0.062425 0.084665
0 0.402761 0.328275 0.039616 0.059105
0 0.319328 0.418530 0.038415 0.073482
0 0.031212 0.231629 0.040816 0.067093
0 0.310324 0.908946 0.066026 0.063898
0 0.935774 0.797923 0.056423 0.055911
0 0.117647 0.430511 0.048019 0.052716
1 0.533013 0.656550 0.038415 0.060703
1 0.563625 0.760383 0.025210 0.060703
1 0.725090 0.505591 0.043217 0.087859
1 0.851741 0.130990 0.070828 0.044728
1 0.357143 0.734824 0.046819 0.070288
1 0.674670 0.907348 0.033613 0.047923
1 0.493397 0.976038 0.031212 0.044728
1 0.665666 0.565495 0.054022 0.063898
1 0.751501 0.827476 0.045618 0.067093
1 0.870348 0.892971 0.048019 0.035144
1 0.193277 0.758786 0.038415 0.051118
1 0.223289 0.551917 0.045618 0.043131
0 0.104442 0.526358 0.036014 0.046326
0 0.464586 0.753994 0.038415 0.038339
0 0.369148 0.961661 0.032413 0.041534
1 0.048019 0.961661 0.045618 0.041534
1 0.448980 0.618211 0.043217 0.047923
1 0.579832 0.889776 0.028812 0.047923
1 0.608643 0.790735 0.052821 0.063898
1 0.129052 0.015974 0.054022 0.028754
0 0.276711 0.965655 0.046819 0.059105
