0 0.298319 0.714058 0.174070 0.210863
0 0.181873 0.581470 0.049220 0.070288
0 0.454382 0.053514 0.128451 0.091054
0 0.866146 0.068690 0.056423 0.102236
0 0.070228 0.062300 0.054022 0.089457
0 0.647059 0.146965 0.038415 0.047923
1 0.948379 0.246006 0.052821 0.092652
0 0.388355 0.916134 0.082833 0.081470
0 0.791717 0.107827 0.039616 0.068690
1 0.830132 0.151757 0.051621 0.063898
1 0.962185 0.070288 0.042017 0.038339
0 0.711885 0.033546 0.105642 0.051118
0 0.298319 0.265176 0.094838 0.124601
0 0.433974 0.145367 0.070828 0.051118
0 0.337935 0.062300 0.042017 0.070288
0 0.051621 0.908946 0.052821 0.089457
0 0.512605 0.534345 0.052821 0.068690
