0 0.764706 0.340256 0.081633 0.079872
0 0.618848 0.226038 0.034814 0.030351
0 0.583433 0.028754 0.038415 0.035144
0 0.559424 0.880990 0.074430 0.081470
0 0.451981 0.980831 0.058824 0.038339
0 0.142257 0.832268 0.037215 0.051118
1 0.070828 0.396166 0.031212 0.038339
1 0.466387 0.571885 0.078031 0.083067
1 0.325330 0.449681 0.033613 0.039936
1 0.704682 0.431310 0.050420 0.079872
1 0.676471 0.634984 0.049220 0.055911
1 0.544418 0.732428 0.039616 0.052716
1 0.463385 0.802716 0.040816 0.043131
1 0.230492 0.893770 0.055222 0.062300
1 0.964586 0.547923 0.056423 0.067093
1 0.869748 0.548722 0.037215 0.049521
1 0.310324 0.854633 0.039616 0.044728
1 0.779712 0.924121 0.032413 0.036741
1 0.981993 0.847444 0.036014 0.052716
1 0.951981 0.399361 0.038415 0.067093
1 0.819328 0.685304 0.032413 0.057508
