0 0.272509 0.081470 0.048019 0.067093
0 0.366747 0.247604 0.051621 0.079872
0 0.612245 0.232428 0.040816 0.049521
0 0.501801 0.305911 0.045618 0.059105
0 0.663265 0.086262 0.044418 0.044728
0 0.605042 0.668530 0.067227 0.084665
0 0.583433 0.841853 0.038415 0.057508
0 0.555222 0.806709 0.042017 0.054313
0 0.748499 0.677316 0.042017 0.054313
0 0.714286 0.736422 0.038415 0.054313
0 0.879952 0.595048 0.038415 0.043131
0 0.286915 0.539137 0.036014 0.049521
0 0.280912 0.416134 0.028812 0.046326
0 0.924370 0.641374 0.026411 0.039936
0 0.102641 0.961661 0.039616 0.047923
0 0.767107 0.587061 0.026411 0.049521
0 0.961585 0.346645 0.021609 0.028754
0 0.946579 0.368211 0.022809 0.030351
0 0.883553 0.456869 0.028812 0.035144
1 0.978992 0.082268 0.032413 0.043131
1 0.982593 0.188498 0.030012 0.041534
1 0.861945 0.075080 0.026411 0.035144
1 0.830732 0.205272 0.040816 0.055911
1 0.806122 0.286741 0.032413 0.036741
1 0.752101 0.339457 0.042017 0.043131
1 0.671669 0.412939 0.051621 0.055911
1 0.665666 0.265176 0.046819 0.054313
1 0.557623 0.111821 0.020408 0.028754
1 0.649460 0.023962 0.040816 0.041534
1 0.098439 0.090256 0.026411 0.043131
1 0.155462 0.432109 0.037215 0.062300
1 0.209484 0.568690 0.042017 0.047923
1 0.341537 0.825080 0.030012 0.055911
1 0.852941 0.782748 0.042017 0.051118
1 0.966987 0.782748 0.034814 0.044728
1 0.892557 0.901757 0.046819 0.062300
1 0.463986 0.500799 0.044418 0.046326
1 0.325330 0.331470 0.038415 0.046326
1 0.099640 0.265974 0.033613 0.049521
1 0.070828 0.304313 0.043217 0.049521
1 0.717287 0.279553 0.032413 0.038339
1 0.908764 0.328275 0.057623 0.084665
1 0.902761 0.793131 0.028812 0.043131
1 0.902161 0.953674 0.022809 0.035144
1 0.321128 0.983227 0.046819 0.033546
1 0.267707 0.795527 0.021609 0.025559
1 0.069028 0.588658 0.030012 0.036741
1 0.075630 0.424920 0.026411 0.044728
1 0.186675 0.114217 0.030012 0.039936
1 0.542617 0.510383 0.045618 0.055911
1 0.804322 0.116613 0.026411 0.035144
1 0.811525 0.364217 0.024010 0.041534
1 0.123649 0.140575 0.019208 0.028754
1 0.222089 0.213259 0.028812 0.036741
1 0.348739 0.165335 0.034814 0.036741
