0 0.849340 0.491214 0.111645 0.135783
0 0.804322 0.383387 0.031212 0.054313
0 0.312725 0.245208 0.075630 0.075080
0 0.377551 0.145367 0.058824 0.047923
0 0.226291 0.218051 0.092437 0.135783
0 0.552221 0.687700 0.048019 0.068690
0 0.699880 0.560703 0.048019 0.044728
0 0.704082 0.507987 0.034814 0.044728
0 0.741297 0.473642 0.030012 0.033546
0 0.896158 0.729233 0.042017 0.059105
0 0.942977 0.850639 0.039616 0.049521
0 0.972989 0.887380 0.039616 0.059105
0 0.911164 0.825080 0.024010 0.043131
0 0.781513 0.904153 0.040816 0.054313
0 0.789916 0.942492 0.040816 0.038339
0 0.783914 0.678914 0.043217 0.060703
0 0.680072 0.781949 0.051621 0.062300
0 0.475390 0.684505 0.062425 0.068690
0 0.468788 0.618211 0.030012 0.041534
0 0.370348 0.823482 0.044418 0.046326
0 0.396759 0.853834 0.025210 0.033546
0 0.153661 0.751597 0.031212 0.039936
0 0.126050 0.666933 0.052821 0.039936
0 0.062425 0.757987 0.036014 0.036741
0 0.052221 0.836262 0.042017 0.030351
0 0.054022 0.943291 0.028812 0.030351
0 0.034214 0.932109 0.025210 0.039936
0 0.274310 0.968051 0.039616 0.041534
0 0.185474 0.494409 0.032413 0.027157
0 0.106843 0.547125 0.033613 0.036741
0 0.192077 0.309904 0.033613 0.041534
0 0.388355 0.391374 0.056423 0.054313
0 0.240096 0.462460 0.033613 0.027157
0 0.135054 0.159744 0.039616 0.038339
0 0.220888 0.096645 0.052821 0.065495
0 0.078031 0.087061 0.052821 0.046326
0 0.384754 0.255591 0.046819 0.047923
0 0.478391 0.315495 0.022809 0.030351
0 0.501801 0.348243 0.040816 0.038339
0 0.722089 0.142173 0.056423 0.076677
0 0.686675 0.273962 0.026411 0.036741
0 0.574430 0.400958 0.030012 0.028754
0 0.820528 0.023962 0.075630 0.044728
0 0.855342 0.072684 0.037215 0.036741
0 0.639856 0.057508 0.021609 0.031949
0 0.576831 0.932907 0.027611 0.028754
0 0.726291 0.887380 0.048019 0.049521
0 0.493397 0.432109 0.038415 0.033546
0 0.449580 0.467252 0.042017 0.033546
0 0.474190 0.281150 0.036014 0.025559
0 0.433373 0.055112 0.033613 0.043131
0 0.612245 0.051917 0.026411 0.036741
0 0.677071 0.024760 0.033613 0.033546
0 0.338535 0.340256 0.031212 0.035144
0 0.246098 0.367412 0.045618 0.035144
0 0.163866 0.252396 0.020408 0.031949
0 0.031813 0.320288 0.032413 0.039936
0 0.033013 0.721246 0.030012 0.033546
0 0.376351 0.700479 0.030012 0.020767
0 0.551621 0.964058 0.044418 0.039936
0 0.294118 0.067891 0.036014 0.036741
0 0.244898 0.030351 0.019208 0.031949
0 0.498800 0.054313 0.022809 0.031949
0 0.672269 0.509585 0.036014 0.044728
0 0.378752 0.546326 0.025210 0.028754
0 0.153061 0.603834 0.020408 0.025559
0 0.112845 0.782748 0.026411 0.035144
0 0.487395 0.743610 0.028812 0.030351
0 0.518007 0.936102 0.039616 0.041534
0 0.526411 0.289936 0.027611 0.027157
0 0.379352 0.975240 0.028812 0.039936
0 0.465186 0.918530 0.027611 0.035144
