0 0.046819 0.196486 0.069628 0.092652
0 0.210084 0.030351 0.069628 0.057508
0 0.044418 0.077476 0.057623 0.065495
0 0.386555 0.644569 0.223289 0.273163
0 0.534814 0.481629 0.102041 0.142173
0 0.763505 0.194888 0.060024 0.079872
0 0.193878 0.356230 0.039616 0.054313
0 0.334334 0.290735 0.054022 0.067093
1 0.761705 0.753994 0.039616 0.054313
1 0.731092 0.912939 0.050420 0.059105
1 0.656062 0.557508 0.034814 0.044728
1 0.700480 0.353035 0.046819 0.057508
1 0.635054 0.282748 0.033613 0.041534
0 0.347539 0.845048 0.046819 0.070288
0 0.189076 0.847444 0.039616 0.049521
0 0.238295 0.916933 0.037215 0.054313
0 0.247299 0.619808 0.033613 0.054313
0 0.235894 0.780351 0.032413 0.049521
0 0.202881 0.115016 0.036014 0.038339
0 0.951381 0.830671 0.046819 0.067093
1 0.044418 0.898562 0.033613 0.039936
1 0.052221 0.626997 0.020408 0.039936
1 0.181273 0.486422 0.052821 0.116613
1 0.166267 0.274760 0.037215 0.041534
1 0.323529 0.067891 0.027611 0.039936
1 0.853541 0.297923 0.031212 0.039936
1 0.983794 0.249201 0.032413 0.057508
1 0.973589 0.055911 0.031212 0.054313
1 0.879352 0.154153 0.039616 0.046326
0 0.770108 0.362620 0.037215 0.031949
0 0.854742 0.400958 0.036014 0.041534
0 0.708283 0.638179 0.050420 0.043131
0 0.623049 0.713259 0.038415 0.039936
0 0.537215 0.725240 0.027611 0.041534
0 0.558223 0.817891 0.033613 0.038339
0 0.473589 0.822684 0.032413 0.038339
0 0.487995 0.035942 0.034814 0.036741
0 0.264106 0.299521 0.028812 0.033546
1 0.486795 0.154153 0.030012 0.043131
