0 0.937575 0.396965 0.124850 0.295527
0 0.299520 0.240415 0.063625 0.078275
0 0.647059 0.081470 0.055222 0.067093
0 0.114646 0.690096 0.046819 0.054313
0 0.391357 0.656550 0.043217 0.063898
0 0.277311 0.064696 0.043217 0.055911
0 0.020408 0.884984 0.038415 0.054313
0 0.379352 0.838658 0.031212 0.044728
0 0.837935 0.114217 0.031212 0.043131
0 0.821729 0.710064 0.037215 0.046326
0 0.718487 0.453674 0.034814 0.047923
0 0.715486 0.294728 0.031212 0.049521
0 0.184874 0.734824 0.055222 0.079872
0 0.585234 0.486422 0.030012 0.039936
1 0.300720 0.341054 0.097239 0.123003
0 0.776110 0.021565 0.032413 0.039936
0 0.258703 0.613419 0.032413 0.041534
0 0.842137 0.886581 0.032413 0.041534
0 0.855942 0.313099 0.026411 0.028754
0 0.425570 0.960863 0.027611 0.039936
0 0.814526 0.170927 0.027611 0.038339
0 0.915966 0.082268 0.019208 0.030351
0 0.507803 0.333067 0.021609 0.033546
1 0.403962 0.297125 0.039616 0.054313
1 0.449580 0.127796 0.025210 0.035144
0 0.570828 0.918530 0.030012 0.041534
0 0.697479 0.533546 0.036014 0.044728
