0 0.225690 0.301118 0.177671 0.298722
0 0.150660 0.737220 0.070828 0.094249
0 0.549820 0.694888 0.062425 0.102236
0 0.704682 0.726837 0.057623 0.060703
0 0.073830 0.573482 0.049220 0.073482
0 0.129052 0.392971 0.046819 0.067093
0 0.067827 0.265176 0.037215 0.057508
0 0.423169 0.224441 0.042017 0.049521
0 0.674070 0.198083 0.044418 0.083067
0 0.705282 0.172524 0.030012 0.057508
0 0.776711 0.075879 0.038415 0.065495
0 0.862545 0.041534 0.049220 0.057508
0 0.643457 0.615815 0.050420 0.062300
0 0.800720 0.642173 0.072029 0.067093
1 0.946579 0.953674 0.044418 0.083067
1 0.761104 0.860224 0.064826 0.046326
1 0.702881 0.924920 0.058824 0.089457
1 0.656062 0.802716 0.046819 0.081470
1 0.726891 0.335463 0.042017 0.054313
1 0.512605 0.182907 0.045618 0.071885
1 0.870348 0.316294 0.052821 0.054313
1 0.802521 0.525559 0.061224 0.111821
1 0.912365 0.479233 0.045618 0.067093
0 0.878752 0.575879 0.040816 0.068690
1 0.905162 0.663738 0.036014 0.055911
0 0.269508 0.680511 0.054022 0.063898
0 0.270108 0.743610 0.028812 0.039936
1 0.039016 0.968051 0.075630 0.063898
1 0.022809 0.126198 0.043217 0.063898
0 0.072629 0.026358 0.070828 0.049521
0 0.157263 0.062300 0.028812 0.054313
1 0.936975 0.295527 0.037215 0.031949
1 0.947179 0.381789 0.040816 0.067093
1 0.970588 0.553514 0.025210 0.097444
0 0.911765 0.726837 0.034814 0.047923
0 0.940576 0.682907 0.034814 0.065495
1 0.901561 0.871406 0.062425 0.078275
1 0.605042 0.899361 0.038415 0.054313
0 0.754502 0.277157 0.018007 0.030351
1 0.369148 0.154153 0.042017 0.055911
1 0.372149 0.796326 0.067227 0.084665
0 0.583433 0.256390 0.045618 0.052716
1 0.903361 0.184505 0.044418 0.081470
0 0.335534 0.623802 0.056423 0.059105
0 0.193277 0.480831 0.031212 0.038339
0 0.222689 0.083067 0.051621 0.124601
0 0.013806 0.055112 0.025210 0.055911
0 0.294118 0.970447 0.052821 0.059105
0 0.462785 0.480831 0.042017 0.054313
0 0.422569 0.513578 0.026411 0.046326
0 0.697479 0.519968 0.055222 0.071885
0 0.635654 0.544728 0.046819 0.047923
