0 0.257503 0.195687 0.061224 0.081470
0 0.220888 0.928115 0.040816 0.060703
1 0.298920 0.388179 0.048019 0.063898
1 0.695678 0.645367 0.030012 0.038339
1 0.675870 0.177316 0.045618 0.057508
0 0.870948 0.115016 0.087635 0.115016
0 0.067227 0.410543 0.040816 0.057508
0 0.507203 0.890575 0.032413 0.046326
1 0.533613 0.807508 0.032413 0.039936
1 0.749100 0.825879 0.031212 0.041534
0 0.973589 0.671725 0.024010 0.033546
0 0.924370 0.599840 0.038415 0.049521
0 0.151261 0.063099 0.043217 0.059105
0 0.092437 0.179712 0.033613 0.043131
0 0.244298 0.468850 0.034814 0.046326
0 0.580432 0.694089 0.030012 0.043131
1 0.865546 0.778754 0.026411 0.036741
0 0.469388 0.338658 0.033613 0.047923
0 0.704082 0.053514 0.044418 0.059105
1 0.625450 0.577476 0.021609 0.027157
0 0.974790 0.495208 0.024010 0.038339
0 0.195678 0.391374 0.021609 0.028754
