0 0.459184 0.178115 0.092437 0.138978
0 0.540816 0.119808 0.056423 0.099042
0 0.605042 0.172524 0.043217 0.054313
0 0.689076 0.025559 0.045618 0.047923
0 0.782113 0.386581 0.099640 0.083067
0 0.891957 0.820288 0.115246 0.177316
0 0.723890 0.915335 0.033613 0.060703
0 0.518607 0.694089 0.060024 0.065495
0 0.461585 0.730032 0.066026 0.086262
0 0.539616 0.813898 0.070828 0.081470
0 0.402761 0.835463 0.044418 0.067093
0 0.335534 0.853035 0.046819 0.070288
0 0.420168 0.648562 0.031212 0.041534
0 0.418367 0.966454 0.044418 0.067093
0 0.875750 0.328275 0.039616 0.065495
0 0.194478 0.186102 0.033613 0.027157
0 0.181873 0.207668 0.027611 0.035144
0 0.293517 0.074281 0.027611 0.039936
0 0.143457 0.424121 0.022809 0.036741
0 0.106843 0.658147 0.028812 0.047923
0 0.057623 0.587061 0.026411 0.030351
0 0.192677 0.860224 0.030012 0.043131
0 0.163866 0.819489 0.025210 0.038339
0 0.169868 0.901757 0.044418 0.046326
0 0.266507 0.761981 0.033613 0.051118
0 0.313926 0.668530 0.030012 0.043131
0 0.280312 0.440895 0.025210 0.038339
0 0.203481 0.452077 0.022809 0.038339
0 0.422569 0.420128 0.031212 0.022364
0 0.443577 0.444888 0.061224 0.030351
0 0.402761 0.475240 0.032413 0.046326
0 0.486194 0.506390 0.028812 0.044728
0 0.462785 0.352236 0.082833 0.087859
0 0.333733 0.230032 0.048019 0.057508
0 0.317527 0.321885 0.027611 0.043131
0 0.558824 0.908147 0.027611 0.049521
0 0.644658 0.876997 0.050420 0.047923
0 0.654862 0.638978 0.032413 0.060703
0 0.588836 0.522364 0.039616 0.054313
0 0.683073 0.956869 0.050420 0.076677
0 0.825330 0.580671 0.054022 0.062300
0 0.847539 0.538339 0.016807 0.035144
0 0.781513 0.465655 0.043217 0.059105
0 0.722689 0.490415 0.033613 0.038339
0 0.965786 0.384185 0.046819 0.062300
0 0.986194 0.446486 0.027611 0.049521
0 0.950780 0.177316 0.036014 0.073482
0 0.902761 0.177316 0.031212 0.060703
0 0.895558 0.125399 0.028812 0.036741
0 0.722689 0.096645 0.026411 0.036741
0 0.846939 0.102236 0.020408 0.041534
0 0.617647 0.279553 0.030012 0.041534
0 0.272509 0.187700 0.038415 0.036741
0 0.710084 0.641374 0.030012 0.036741
0 0.909964 0.516773 0.033613 0.065495
0 0.988595 0.547923 0.020408 0.047923
0 0.988595 0.634185 0.022809 0.047923
0 0.990996 0.751597 0.018007 0.055911
0 0.918968 0.730831 0.042017 0.065495
0 0.797719 0.819489 0.039616 0.044728
0 0.381152 0.028754 0.025210 0.041534
0 0.225690 0.086262 0.026411 0.031949
0 0.012605 0.623003 0.022809 0.041534
0 0.426771 0.609425 0.022809 0.033546
0 0.537815 0.268371 0.031212 0.041534
0 0.510804 0.232428 0.027611 0.030351
0 0.678872 0.194089 0.037215 0.062300
0 0.689676 0.083866 0.030012 0.039936
0 0.615846 0.060703 0.028812 0.041534
0 0.570228 0.032748 0.036014 0.052716
0 0.909364 0.054313 0.030012 0.047923
0 0.641056 0.450479 0.024010 0.051118
0 0.704682 0.792332 0.024010 0.051118
0 0.162065 0.472843 0.040816 0.041534
0 0.519208 0.632588 0.032413 0.073482
0 0.936375 0.628594 0.036014 0.036741
0 0.881753 0.438498 0.018007 0.030351
0 0.391957 0.906550 0.034814 0.043131
0 0.590036 0.971246 0.027611 0.041534
0 0.459784 0.964058 0.021609 0.033546
0 0.826531 0.623802 0.027611 0.030351
0 0.195678 0.556709 0.021609 0.036741
0 0.980192 0.217252 0.034814 0.041534
0 0.315126 0.015974 0.027611 0.028754
0 0.232293 0.261182 0.020408 0.033546
