0 0.259904 0.345048 0.097239 0.111821
0 0.208884 0.257987 0.098439 0.094249
0 0.154862 0.190096 0.045618 0.044728
0 0.128451 0.546326 0.064826 0.099042
0 0.188475 0.522364 0.045618 0.047923
0 0.228091 0.515974 0.036014 0.047923
0 0.245498 0.476837 0.030012 0.030351
0 0.354742 0.652556 0.049220 0.059105
0 0.339136 0.574281 0.034814 0.049521
0 0.688475 0.160543 0.097239 0.142173
0 0.535414 0.194888 0.064826 0.127796
0 0.506603 0.043131 0.040816 0.083067
0 0.340336 0.788339 0.063625 0.103834
0 0.177071 0.829073 0.051621 0.057508
0 0.161465 0.750000 0.039616 0.049521
0 0.211885 0.742812 0.054022 0.044728
0 0.202281 0.656550 0.044418 0.047923
0 0.148860 0.658946 0.038415 0.052716
0 0.475990 0.674121 0.054022 0.079872
0 0.469388 0.811502 0.057623 0.060703
0 0.422569 0.837061 0.040816 0.060703
0 0.474190 0.869010 0.040816 0.051118
0 0.614046 0.816294 0.042017 0.047923
0 0.602641 0.783546 0.048019 0.036741
0 0.591236 0.697284 0.037215 0.049521
0 0.614646 0.657348 0.038415 0.036741
0 0.934574 0.729233 0.034814 0.049521
0 0.897959 0.967252 0.033613 0.039936
0 0.799520 0.804313 0.033613 0.039936
0 0.874550 0.570288 0.046819 0.076677
0 0.858944 0.697284 0.032413 0.062300
0 0.854742 0.478435 0.040816 0.039936
0 0.854142 0.429712 0.039616 0.051118
0 0.734694 0.476038 0.021609 0.041534
0 0.689676 0.563898 0.032413 0.047923
0 0.962785 0.095048 0.048019 0.062300
0 0.723890 0.034345 0.033613 0.039936
0 0.354142 0.088658 0.052821 0.065495
0 0.021008 0.387380 0.039616 0.065495
0 0.087635 0.559105 0.021609 0.035144
0 0.111044 0.215655 0.030012 0.047923
0 0.162065 0.136581 0.031212 0.039936
0 0.330132 0.297125 0.031212 0.041534
0 0.349340 0.386581 0.036014 0.060703
0 0.319928 0.445687 0.032413 0.051118
0 0.582233 0.400160 0.028812 0.039936
0 0.370348 0.948882 0.032413 0.038339
0 0.303721 0.949681 0.021609 0.039936
0 0.234694 0.972045 0.034814 0.033546
0 0.980192 0.976038 0.039616 0.047923
0 0.982593 0.199681 0.034814 0.060703
0 0.915366 0.116613 0.025210 0.047923
0 0.912965 0.034345 0.037215 0.046326
0 0.803121 0.032748 0.031212 0.062300
0 0.794118 0.169329 0.039616 0.047923
0 0.761104 0.224441 0.028812 0.033546
0 0.738896 0.333067 0.025210 0.036741
0 0.646459 0.401757 0.032413 0.046326
0 0.701080 0.489617 0.021609 0.033546
0 0.429172 0.345847 0.032413 0.030351
0 0.435174 0.277157 0.025210 0.049521
0 0.915366 0.198083 0.018007 0.038339
0 0.363745 0.161342 0.040816 0.047923
0 0.907563 0.392173 0.026411 0.033546
0 0.954982 0.367412 0.025210 0.044728
0 0.534814 0.397764 0.030012 0.038339
0 0.632053 0.342652 0.020408 0.036741
0 0.260504 0.708466 0.026411 0.033546
0 0.285714 0.561502 0.028812 0.059105
0 0.509604 0.628594 0.034814 0.030351
0 0.558824 0.543131 0.087635 0.118211
0 0.657263 0.555112 0.022809 0.055911
0 0.600840 0.302716 0.027611 0.036741
0 0.411765 0.279553 0.024010 0.047923
0 0.978391 0.582268 0.033613 0.049521
0 0.818727 0.329073 0.028812 0.054313
0 0.023409 0.071885 0.044418 0.070288
0 0.436975 0.222843 0.024010 0.043131
0 0.758703 0.182907 0.024010 0.033546
0 0.839736 0.136581 0.039616 0.055911
0 0.575630 0.365016 0.025210 0.043131
0 0.690876 0.054313 0.027611 0.063898
