0 0.833133 0.521565 0.122449 0.145367
0 0.258703 0.238818 0.058824 0.084665
0 0.224490 0.579872 0.055222 0.073482
0 0.126651 0.785942 0.090036 0.086262
0 0.046819 0.932109 0.069628 0.081470
0 0.126050 0.209265 0.036014 0.067093
0 0.422569 0.581470 0.076831 0.092652
0 0.500600 0.706869 0.055222 0.081470
0 0.501200 0.845048 0.042017 0.054313
0 0.598439 0.793930 0.056423 0.060703
0 0.958583 0.869808 0.078031 0.126198
0 0.933373 0.264377 0.044418 0.055911
0 0.017407 0.626198 0.032413 0.054313
0 0.335534 0.412939 0.034814 0.036741
0 0.462185 0.269169 0.048019 0.043131
0 0.313926 0.039137 0.051621 0.055911
0 0.163265 0.064696 0.038415 0.033546
0 0.140456 0.298722 0.033613 0.038339
0 0.560024 0.097444 0.037215 0.044728
0 0.536014 0.053514 0.034814 0.033546
0 0.965786 0.488019 0.034814 0.055911
0 0.984394 0.754792 0.021609 0.046326
0 0.313926 0.557508 0.034814 0.028754
0 0.572029 0.366613 0.025210 0.049521
0 0.124850 0.379393 0.043217 0.046326
0 0.070828 0.215655 0.028812 0.028754
0 0.989796 0.121406 0.020408 0.076677
0 0.665066 0.586262 0.028812 0.028754
0 0.550420 0.194089 0.018007 0.036741
0 0.114646 0.428115 0.027611 0.019169
0 0.049820 0.517572 0.025210 0.031949
0 0.036615 0.470447 0.027611 0.036741
0 0.058223 0.353834 0.020408 0.027157
0 0.309124 0.596645 0.042017 0.052716
0 0.351140 0.622204 0.022809 0.033546
0 0.073229 0.107029 0.026411 0.031949
0 0.044418 0.158946 0.019208 0.030351
0 0.221489 0.134185 0.030012 0.035144
0 0.466387 0.095048 0.020408 0.033546
0 0.445978 0.142173 0.020408 0.028754
0 0.433373 0.114217 0.026411 0.027157
0 0.430972 0.185304 0.028812 0.028754
0 0.411164 0.218051 0.030012 0.033546
0 0.652461 0.178115 0.049220 0.052716
0 0.749700 0.150160 0.034814 0.041534
0 0.665666 0.079073 0.032413 0.036741
0 0.635054 0.125399 0.026411 0.039936
0 0.559424 0.957668 0.021609 0.030351
0 0.068427 0.824281 0.024010 0.031949
0 0.060024 0.851438 0.024010 0.022364
0 0.081633 0.650160 0.031212 0.031949
0 0.109244 0.553514 0.024010 0.030351
0 0.139856 0.707668 0.027611 0.031949
0 0.318127 0.960064 0.019208 0.025559
0 0.261705 0.913738 0.024010 0.028754
0 0.243697 0.936102 0.028812 0.028754
0 0.482593 0.948083 0.026411 0.036741
0 0.766507 0.874601 0.025210 0.030351
0 0.605642 0.593450 0.030012 0.027157
0 0.594838 0.694089 0.022809 0.033546
0 0.650060 0.723642 0.020408 0.038339
0 0.682473 0.700479 0.020408 0.030351
0 0.775510 0.720447 0.021609 0.019169
0 0.749700 0.459265 0.018007 0.033546
0 0.863745 0.777157 0.022809 0.039936
0 0.969388 0.619010 0.032413 0.046326
0 0.915366 0.444089 0.030012 0.044728
0 0.795918 0.896166 0.024010 0.025559
0 0.897359 0.277955 0.015606 0.028754
0 0.915966 0.309105 0.033613 0.039936
0 0.874550 0.301118 0.027611 0.033546
0 0.839136 0.114217 0.019208 0.033546
0 0.919568 0.016773 0.031212 0.030351
0 0.828932 0.055112 0.020408 0.027157
0 0.768307 0.059904 0.021609 0.027157
0 0.806723 0.079073 0.019208 0.027157
0 0.959784 0.145367 0.020408 0.031949
0 0.962785 0.179712 0.024010 0.030351
0 0.441176 0.363419 0.015606 0.014377
0 0.240696 0.491214 0.046819 0.039936
0 0.255102 0.145367 0.030012 0.025559
0 0.034214 0.246006 0.030012 0.031949
0 0.340936 0.309105 0.033613 0.043131
0 0.217287 0.051917 0.026411 0.027157
0 0.030612 0.059904 0.027611 0.023962
0 0.601441 0.943291 0.021609 0.027157
0 0.814526 0.985623 0.042017 0.028754
0 0.950780 0.970447 0.024010 0.027157
0 0.863745 0.591054 0.027611 0.041534
0 0.961585 0.702875 0.024010 0.025559
0 0.986795 0.537540 0.016807 0.030351
0 0.551020 0.296326 0.028812 0.033546
0 0.088836 0.171725 0.019208 0.030351
0 0.122449 0.081470 0.021609 0.031949
0 0.516807 0.590256 0.030012 0.043131
0 0.348139 0.257188 0.021609 0.025559
0 0.415366 0.845048 0.021609 0.025559
0 0.188475 0.656550 0.016807 0.022364
0 0.412365 0.644569 0.020408 0.030351
0 0.625450 0.266773 0.024010 0.028754
0 0.676471 0.403355 0.030012 0.046326
