0 0.205282 0.460064 0.074430 0.099042
0 0.849940 0.785144 0.045618 0.065495
0 0.887755 0.725240 0.039616 0.044728
0 0.516807 0.946486 0.032413 0.052716
1 0.039616 0.928914 0.076831 0.110224
0 0.900960 0.303514 0.032413 0.044728
1 0.383553 0.592652 0.032413 0.041534
0 0.031813 0.531150 0.037215 0.052716
0 0.509604 0.461661 0.044418 0.047923
0 0.497599 0.817093 0.027611 0.036741
1 0.627851 0.656550 0.033613 0.041534
0 0.716687 0.793131 0.028812 0.036741
0 0.297719 0.051917 0.036014 0.049521
0 0.695078 0.087859 0.028812 0.041534
0 0.833733 0.148562 0.025210 0.038339
0 0.494598 0.676518 0.024010 0.027157
0 0.536014 0.377796 0.030012 0.036741
0 0.805522 0.658147 0.028812 0.035144
1 0.366747 0.530351 0.032413 0.051118
1 0.410564 0.448882 0.026411 0.038339
