1 0.606242 0.623003 0.067227 0.086262
1 0.493998 0.456869 0.056423 0.057508
1 0.805522 0.289137 0.048019 0.076677
1 0.758703 0.110224 0.055222 0.086262
1 0.869748 0.053514 0.039616 0.046326
1 0.819928 0.107827 0.036014 0.043131
1 0.744898 0.027955 0.054022 0.052716
1 0.498199 0.148562 0.110444 0.182109
1 0.498800 0.380192 0.066026 0.070288
1 0.710084 0.800319 0.049220 0.067093
1 0.727491 0.749201 0.028812 0.038339
1 0.920168 0.820288 0.051621 0.049521
1 0.909964 0.881789 0.045618 0.060703
1 0.907563 0.519169 0.038415 0.073482
1 0.963986 0.386581 0.036014 0.054313
1 0.982593 0.433706 0.025210 0.039936
0 0.275510 0.077476 0.046819 0.052716
0 0.309124 0.050319 0.037215 0.043131
0 0.342137 0.023163 0.028812 0.043131
0 0.122449 0.031150 0.098439 0.059105
0 0.105042 0.227636 0.034814 0.059105
0 0.190276 0.301118 0.070828 0.091054
0 0.298920 0.301917 0.060024 0.076677
0 0.376351 0.585463 0.042017 0.062300
0 0.407563 0.626198 0.049220 0.070288
0 0.342137 0.883387 0.052821 0.057508
0 0.287515 0.828275 0.032413 0.043131
0 0.067827 0.595048 0.042017 0.055911
0 0.148259 0.971246 0.030012 0.038339
0 0.090636 0.970447 0.042017 0.039936
0 0.646459 0.977636 0.042017 0.038339
0 0.865546 0.865016 0.033613 0.036741
0 0.903962 0.950479 0.028812 0.051118
0 0.950780 0.017572 0.024010 0.031949
0 0.988595 0.043131 0.020408 0.038339
0 0.364346 0.188498 0.063625 0.067093
0 0.059424 0.104633 0.034814 0.039936
0 0.066627 0.066294 0.030012 0.033546
0 0.102041 0.071885 0.040816 0.041534
0 0.166867 0.085463 0.038415 0.039936
1 0.022809 0.059904 0.043217 0.116613
1 0.189076 0.518371 0.375750 0.768371
1 0.606843 0.114217 0.042017 0.049521
1 0.651261 0.267572 0.027611 0.036741
1 0.824730 0.442492 0.052821 0.073482
1 0.929772 0.636581 0.034814 0.039936
1 0.517407 0.854633 0.043217 0.047923
1 0.600840 0.847444 0.042017 0.049521
