0 0.809124 0.245208 0.235294 0.298722
0 0.891957 0.129393 0.031212 0.044728
0 0.792317 0.079872 0.040816 0.044728
0 0.713685 0.107827 0.039616 0.039936
0 0.633854 0.201278 0.033613 0.054313
0 0.489796 0.198882 0.057623 0.052716
0 0.443577 0.223642 0.030012 0.031949
0 0.465186 0.223642 0.025210 0.025559
1 0.373950 0.219649 0.039616 0.039936
0 0.363745 0.306709 0.033613 0.051118
0 0.411164 0.302716 0.044418 0.062300
0 0.466387 0.277955 0.027611 0.035144
0 0.420768 0.339457 0.037215 0.036741
0 0.500600 0.662939 0.374550 0.555911
0 0.662065 0.465655 0.037215 0.036741
0 0.652461 0.526358 0.030012 0.036741
0 0.765306 0.465655 0.051621 0.052716
0 0.172269 0.492013 0.056423 0.070288
0 0.186675 0.436901 0.042017 0.046326
0 0.019208 0.239617 0.036014 0.086262
0 0.055222 0.254792 0.043217 0.084665
1 0.082233 0.800319 0.039616 0.051118
1 0.918968 0.896166 0.039616 0.041534
0 0.975990 0.510383 0.033613 0.043131
0 0.944778 0.408147 0.033613 0.033546
0 0.680072 0.980831 0.027611 0.038339
0 0.558223 0.738019 0.040816 0.057508
1 0.386555 0.106230 0.038415 0.043131
1 0.258703 0.134984 0.032413 0.052716
1 0.132653 0.166134 0.039616 0.044728
0 0.274310 0.403355 0.022809 0.027157
0 0.294118 0.899361 0.038415 0.051118
0 0.312725 0.715655 0.027611 0.051118
1 0.965186 0.725240 0.031212 0.041534
1 0.373950 0.145367 0.032413 0.038339
1 0.445378 0.140575 0.045618 0.047923
1 0.409364 0.158147 0.033613 0.041534
1 0.929772 0.328275 0.025210 0.030351
1 0.890156 0.303514 0.018007 0.038339
1 0.614646 0.015176 0.028812 0.027157
0 0.385954 0.743610 0.039616 0.030351
0 0.517407 0.366613 0.026411 0.027157
0 0.596639 0.305911 0.028812 0.033546
0 0.626651 0.274760 0.028812 0.035144
0 0.474190 0.953674 0.026411 0.028754
0 0.503001 0.948882 0.024010 0.028754
1 0.036014 0.776358 0.036014 0.041534
1 0.034814 0.890575 0.033613 0.043131
1 0.016807 0.906550 0.026411 0.036741
1 0.168067 0.081470 0.036014 0.044728
