0 0.445378 0.139776 0.069628 0.091054
0 0.030612 0.373802 0.056423 0.063898
0 0.420168 0.846645 0.050420 0.063898
0 0.835534 0.682109 0.057623 0.076677
0 0.774310 0.329073 0.038415 0.047923
0 0.436975 0.952875 0.038415 0.049521
0 0.135054 0.813898 0.042017 0.052716
0 0.448980 0.707668 0.050420 0.073482
0 0.716687 0.849042 0.036014 0.052716
0 0.819928 0.121406 0.048019 0.063898
0 0.482593 0.526358 0.033613 0.052716
0 0.531212 0.473642 0.037215 0.052716
0 0.255102 0.745208 0.066026 0.087859
0 0.795318 0.737220 0.042017 0.062300
0 0.558824 0.844249 0.039616 0.059105
0 0.930372 0.834665 0.026411 0.046326
0 0.146459 0.315495 0.028812 0.036741
0 0.312725 0.085463 0.030012 0.043131
0 0.325930 0.734026 0.039616 0.052716
