1 0.758103 0.275559 0.157263 0.190096
1 0.875750 0.702875 0.121248 0.169329
1 0.590036 0.958466 0.126050 0.083067
1 0.932773 0.345847 0.067227 0.119808
1 0.796519 0.092652 0.049220 0.067093
1 0.971789 0.143770 0.056423 0.105431
1 0.888355 0.192492 0.031212 0.059105
0 0.375750 0.393770 0.062425 0.059105
0 0.116447 0.151757 0.045618 0.076677
0 0.058824 0.285942 0.055222 0.067093
0 0.146459 0.595847 0.040816 0.051118
0 0.438175 0.544728 0.036014 0.041534
0 0.480192 0.590256 0.033613 0.049521
0 0.347539 0.750799 0.046819 0.063898
0 0.620648 0.422524 0.074430 0.135783
0 0.571429 0.740415 0.038415 0.078275
1 0.540216 0.190895 0.062425 0.052716
1 0.367947 0.621406 0.054022 0.079872
1 0.977791 0.497604 0.044418 0.059105
0 0.261104 0.086262 0.058824 0.067093
0 0.441777 0.135783 0.057623 0.073482
0 0.114646 0.900160 0.051621 0.055911
0 0.048019 0.404952 0.031212 0.052716
1 0.785114 0.598243 0.040816 0.033546
1 0.506603 0.737220 0.031212 0.055911
1 0.483794 0.694888 0.026411 0.035144
0 0.109244 0.722045 0.038415 0.038339
0 0.099640 0.783546 0.038415 0.046326
0 0.063625 0.800319 0.043217 0.051118
0 0.313926 0.210064 0.058824 0.078275
0 0.057023 0.057508 0.039616 0.047923
0 0.046819 0.174121 0.050420 0.076677
1 0.975990 0.238019 0.048019 0.067093
1 0.713685 0.510383 0.049220 0.055911
1 0.024610 0.909744 0.046819 0.071885
