0 0.220288 0.551118 0.056423 0.076677
0 0.762905 0.676518 0.049220 0.084665
0 0.719688 0.892173 0.061224 0.071885
0 0.884154 0.678115 0.061224 0.094249
0 0.471188 0.137380 0.037215 0.044728
0 0.285714 0.802716 0.050420 0.075080
0 0.184874 0.817093 0.028812 0.046326
0 0.960984 0.695687 0.054022 0.059105
0 0.731092 0.073482 0.062425 0.099042
0 0.590636 0.589457 0.050420 0.054313
0 0.568427 0.238818 0.044418 0.059105
0 0.918367 0.226038 0.031212 0.043131
1 0.342737 0.088658 0.037215 0.062300
1 0.492197 0.575879 0.074430 0.078275
1 0.174070 0.040735 0.048019 0.059105
1 0.445978 0.773962 0.056423 0.071885
1 0.410564 0.298722 0.050420 0.073482
1 0.037815 0.113419 0.073229 0.105431
1 0.884154 0.837061 0.090036 0.099042
1 0.153661 0.505591 0.055222 0.087859
0 0.771909 0.380192 0.038415 0.051118
0 0.845138 0.444888 0.031212 0.052716
0 0.889556 0.480032 0.036014 0.049521
0 0.759304 0.569489 0.037215 0.043131
0 0.625450 0.823482 0.038415 0.065495
0 0.793517 0.256390 0.033613 0.059105
0 0.274310 0.197284 0.046819 0.081470
1 0.292317 0.640575 0.039616 0.063898
0 0.921969 0.326677 0.033613 0.036741
0 0.138055 0.162939 0.038415 0.047923
0 0.369748 0.230831 0.031212 0.039936
0 0.717287 0.968850 0.042017 0.052716
1 0.970588 0.927316 0.058824 0.097444
0 0.386555 0.367412 0.040816 0.054313
1 0.026411 0.534345 0.045618 0.068690
1 0.334934 0.347444 0.040816 0.071885
1 0.326531 0.228435 0.033613 0.041534
1 0.400960 0.891374 0.072029 0.079872
0 0.708884 0.554313 0.030012 0.038339
0 0.623049 0.670128 0.043217 0.046326
1 0.845138 0.576677 0.052821 0.047923
0 0.985594 0.785144 0.028812 0.075080
1 0.874550 0.967252 0.051621 0.065495
0 0.495798 0.483227 0.040816 0.033546
1 0.082833 0.690895 0.045618 0.049521
0 0.129652 0.855431 0.038415 0.039936
0 0.318727 0.931310 0.049220 0.054313
1 0.443577 0.396166 0.039616 0.047923
0 0.869748 0.120607 0.037215 0.055911
1 0.983193 0.595048 0.033613 0.110224
1 0.307323 0.026358 0.038415 0.039936
1 0.797719 0.854633 0.049220 0.047923
1 0.044418 0.290735 0.036014 0.041534
1 0.076230 0.314696 0.044418 0.035144
0 0.734094 0.393770 0.037215 0.043131
0 0.569628 0.321885 0.030012 0.043131
1 0.025210 0.019968 0.048019 0.036741
