0 0.707683 0.461661 0.054022 0.057508
1 0.755702 0.437700 0.080432 0.095847
1 0.761104 0.363419 0.062425 0.062300
0 0.844538 0.426518 0.049220 0.060703
0 0.818127 0.539936 0.061224 0.063898
0 0.958583 0.526358 0.082833 0.100639
0 0.921969 0.584665 0.064826 0.063898
1 0.854142 0.708466 0.051621 0.078275
1 0.914766 0.783546 0.043217 0.052716
1 0.412965 0.781150 0.072029 0.073482
0 0.262305 0.760383 0.056423 0.067093
0 0.192077 0.753994 0.050420 0.060703
1 0.443577 0.918530 0.068427 0.089457
0 0.360744 0.639776 0.054022 0.052716
0 0.333733 0.634984 0.026411 0.055911
1 0.324130 0.570288 0.036014 0.057508
1 0.230492 0.539936 0.050420 0.063898
0 0.049220 0.580671 0.096038 0.215655
0 0.114646 0.423323 0.037215 0.044728
0 0.028812 0.565495 0.055222 0.095847
0 0.054022 0.378594 0.060024 0.099042
1 0.170468 0.460863 0.033613 0.043131
1 0.240096 0.384984 0.036014 0.051118
1 0.100840 0.278754 0.038415 0.055911
1 0.178872 0.210064 0.031212 0.043131
1 0.228091 0.146166 0.036014 0.055911
0 0.241297 0.217252 0.045618 0.051118
1 0.277911 0.194089 0.034814 0.052716
1 0.087635 0.066294 0.040816 0.052716
1 0.147659 0.110224 0.043217 0.044728
0 0.191477 0.099042 0.025210 0.041534
0 0.151861 0.040735 0.039616 0.052716
0 0.684274 0.170128 0.043217 0.046326
0 0.530012 0.191693 0.046819 0.054313
0 0.591837 0.262780 0.036014 0.055911
0 0.664466 0.255591 0.042017 0.076677
0 0.671669 0.324281 0.042017 0.051118
0 0.662665 0.732428 0.043217 0.049521
0 0.246098 0.945687 0.067227 0.060703
0 0.295918 0.909744 0.046819 0.043131
0 0.226891 0.909744 0.048019 0.039936
0 0.084634 0.979233 0.049220 0.041534
0 0.106242 0.870607 0.034814 0.038339
0 0.975390 0.100639 0.049220 0.060703
0 0.980792 0.142971 0.038415 0.030351
0 0.960384 0.160543 0.021609 0.033546
0 0.865546 0.103834 0.074430 0.076677
0 0.872149 0.161342 0.037215 0.047923
0 0.900960 0.043930 0.034814 0.046326
0 0.945378 0.040735 0.034814 0.052716
0 0.977791 0.042332 0.032413 0.043131
0 0.445378 0.423323 0.057623 0.038339
0 0.427371 0.372204 0.031212 0.031949
1 0.492197 0.277157 0.040816 0.049521
1 0.442977 0.277157 0.026411 0.030351
1 0.468187 0.321086 0.036014 0.041534
1 0.268908 0.035144 0.045618 0.047923
1 0.579832 0.648562 0.038415 0.051118
1 0.560624 0.570288 0.024010 0.038339
1 0.623049 0.505591 0.038415 0.055911
1 0.534814 0.530351 0.032413 0.038339
1 0.506002 0.735623 0.032413 0.039936
1 0.463385 0.658147 0.040816 0.051118
1 0.551621 0.732428 0.039616 0.055911
1 0.878752 0.865016 0.036014 0.052716
1 0.968187 0.902556 0.039616 0.051118
0 0.813325 0.293930 0.037215 0.047923
0 0.845738 0.237220 0.022809 0.030351
0 0.912965 0.242812 0.022809 0.025559
0 0.518007 0.100639 0.032413 0.025559
0 0.443577 0.079073 0.020408 0.033546
0 0.423770 0.095048 0.024010 0.030351
0 0.187275 0.283546 0.024010 0.036741
0 0.134454 0.291534 0.026411 0.039936
