0 0.849340 0.697284 0.082833 0.119808
0 0.916567 0.662141 0.063625 0.068690
0 0.962185 0.467252 0.044418 0.049521
1 0.711285 0.335463 0.070828 0.086262
0 0.652461 0.365815 0.034814 0.044728
0 0.620648 0.413738 0.050420 0.047923
1 0.604442 0.729233 0.054022 0.078275
0 0.470588 0.175719 0.026411 0.038339
0 0.545618 0.164537 0.027611 0.035144
0 0.612245 0.104633 0.024010 0.036741
0 0.725090 0.147764 0.050420 0.065495
0 0.097239 0.220447 0.064826 0.073482
0 0.092437 0.624601 0.093637 0.137380
0 0.271909 0.813898 0.097239 0.113419
0 0.198679 0.744409 0.027611 0.041534
0 0.297719 0.738019 0.036014 0.041534
0 0.096639 0.963259 0.063625 0.073482
0 0.031813 0.728435 0.054022 0.063898
0 0.097239 0.724441 0.057623 0.059105
0 0.087035 0.846645 0.027611 0.054313
0 0.481993 0.300319 0.054022 0.054313
0 0.580432 0.226837 0.075630 0.070288
0 0.896759 0.232428 0.024010 0.039936
0 0.940576 0.245208 0.037215 0.052716
1 0.561224 0.893770 0.046819 0.062300
1 0.543217 0.959265 0.034814 0.043131
1 0.207083 0.454473 0.046819 0.055911
1 0.176471 0.507188 0.040816 0.046326
1 0.093037 0.524760 0.037215 0.039936
1 0.252701 0.095847 0.034814 0.054313
1 0.414166 0.122204 0.060024 0.071885
1 0.701080 0.067891 0.055222 0.049521
1 0.776110 0.142173 0.030012 0.063898
1 0.836134 0.079872 0.039616 0.054313
1 0.972989 0.167732 0.054022 0.054313
1 0.872749 0.271565 0.043217 0.044728
1 0.631453 0.929712 0.024010 0.038339
1 0.612845 0.968850 0.046819 0.046326
1 0.293517 0.468850 0.027611 0.039936
1 0.325930 0.540735 0.027611 0.046326
1 0.268307 0.515974 0.044418 0.051118
0 0.114646 0.400160 0.044418 0.055911
0 0.126651 0.375399 0.034814 0.044728
0 0.036615 0.453674 0.030012 0.041534
1 0.056423 0.777955 0.036014 0.047923
1 0.599640 0.793131 0.044418 0.052716
1 0.693277 0.547923 0.032413 0.041534
1 0.804322 0.443291 0.055222 0.075080
1 0.808523 0.379393 0.042017 0.043131
1 0.936375 0.392971 0.052821 0.063898
1 0.331333 0.119010 0.040816 0.043131
1 0.427371 0.884185 0.033613 0.036741
