0 0.214886 0.700479 0.160864 0.199681
0 0.406963 0.638179 0.096038 0.129393
0 0.336735 0.878594 0.058824 0.086262
0 0.403361 0.815495 0.055222 0.065495
0 0.546218 0.326677 0.045618 0.055911
0 0.850540 0.371406 0.054022 0.075080
0 0.825930 0.648562 0.069628 0.092652
1 0.188475 0.067093 0.031212 0.044728
1 0.229292 0.198083 0.048019 0.060703
1 0.692677 0.048722 0.036014 0.046326
1 0.773109 0.094249 0.031212 0.051118
1 0.816927 0.236422 0.066026 0.073482
1 0.912365 0.269169 0.079232 0.097444
1 0.867947 0.843450 0.052821 0.079872
1 0.870348 0.951278 0.093637 0.097444
1 0.941777 0.750799 0.054022 0.070288
1 0.972389 0.642173 0.040816 0.051118
1 0.804322 0.535144 0.038415 0.054313
1 0.775510 0.404153 0.055222 0.079872
1 0.330132 0.338658 0.064826 0.063898
1 0.219088 0.407348 0.046819 0.067093
1 0.093037 0.830671 0.049220 0.047923
1 0.086435 0.901757 0.038415 0.052716
0 0.490996 0.507987 0.050420 0.070288
0 0.478992 0.924920 0.067227 0.095847
0 0.555822 0.583866 0.033613 0.043131
0 0.015606 0.400958 0.028812 0.067093
0 0.084634 0.230032 0.037215 0.047923
0 0.281513 0.550319 0.056423 0.062300
