0 0.144058 0.191693 0.093637 0.099042
0 0.813325 0.620607 0.085234 0.110224
0 0.911765 0.647764 0.073229 0.103834
0 0.614046 0.846645 0.085234 0.134185
0 0.245498 0.034345 0.054022 0.065495
0 0.819928 0.105431 0.045618 0.063898
0 0.843337 0.144569 0.030012 0.065495
0 0.972989 0.908946 0.020408 0.051118
1 0.929772 0.855431 0.046819 0.065495
1 0.403361 0.420128 0.086435 0.089457
1 0.243697 0.527955 0.076831 0.094249
1 0.199280 0.838658 0.050420 0.063898
1 0.199280 0.917732 0.055222 0.055911
1 0.435174 0.812300 0.042017 0.055911
1 0.620648 0.738818 0.024010 0.059105
1 0.690876 0.496006 0.032413 0.043131
1 0.577431 0.539936 0.036014 0.057508
1 0.573229 0.158946 0.042017 0.062300
1 0.321128 0.646166 0.063625 0.094249
1 0.045018 0.680511 0.039616 0.035144
1 0.041417 0.753195 0.037215 0.055911
1 0.118247 0.035942 0.049220 0.049521
1 0.498800 0.037540 0.056423 0.046326
1 0.644658 0.079872 0.062425 0.063898
1 0.824730 0.492013 0.048019 0.070288
1 0.714886 0.388179 0.070828 0.102236
1 0.509604 0.726837 0.085234 0.092652
1 0.704082 0.882588 0.034814 0.043131
1 0.313926 0.912141 0.039616 0.060703
1 0.723289 0.684505 0.044418 0.062300
1 0.807323 0.408946 0.068427 0.070288
1 0.863745 0.949681 0.061224 0.078275
1 0.801921 0.758786 0.038415 0.054313
1 0.769508 0.895367 0.026411 0.033546
1 0.045018 0.948083 0.049220 0.052716
1 0.065426 0.231629 0.039616 0.063898
1 0.720888 0.180511 0.039616 0.092652
1 0.869748 0.054313 0.044418 0.054313
