0 0.764106 0.246805 0.051621 0.065495
0 0.735294 0.128594 0.037215 0.059105
0 0.550420 0.169329 0.030012 0.035144
0 0.512005 0.138978 0.027611 0.031949
0 0.280312 0.303514 0.044418 0.060703
0 0.252101 0.377796 0.060024 0.068690
0 0.195078 0.222045 0.056423 0.060703
0 0.382353 0.600639 0.030012 0.041534
0 0.687875 0.559904 0.048019 0.065495
0 0.740096 0.465655 0.022809 0.033546
0 0.775510 0.645367 0.026411 0.041534
0 0.513806 0.560703 0.033613 0.044728
0 0.506603 0.674121 0.019208 0.025559
0 0.620648 0.660543 0.031212 0.033546
0 0.592437 0.726837 0.027611 0.031949
0 0.444178 0.859425 0.031212 0.041534
0 0.270108 0.952077 0.048019 0.057508
0 0.160864 0.765176 0.026411 0.044728
0 0.135654 0.709265 0.026411 0.044728
0 0.109844 0.646166 0.034814 0.043131
0 0.174670 0.673323 0.051621 0.055911
0 0.701080 0.153355 0.040816 0.044728
0 0.689676 0.087859 0.044418 0.057508
0 0.710684 0.195687 0.045618 0.052716
0 0.842137 0.151757 0.030012 0.038339
0 0.965786 0.198083 0.068427 0.121406
0 0.973589 0.375399 0.028812 0.038339
0 0.960984 0.561502 0.032413 0.039936
0 0.771309 0.877796 0.037215 0.043131
0 0.665066 0.870607 0.031212 0.031949
0 0.621849 0.861022 0.024010 0.031949
0 0.484994 0.833067 0.033613 0.039936
0 0.393157 0.893770 0.037215 0.055911
0 0.111044 0.774760 0.032413 0.044728
0 0.043217 0.789137 0.028812 0.035144
0 0.076230 0.972843 0.030012 0.038339
0 0.201080 0.883387 0.027611 0.035144
0 0.098439 0.347444 0.038415 0.100639
0 0.156663 0.423323 0.080432 0.111821
0 0.013205 0.067891 0.024010 0.039936
0 0.909964 0.164537 0.021609 0.035144
0 0.911164 0.197284 0.028812 0.030351
0 0.747299 0.072684 0.020408 0.030351
0 0.333733 0.069489 0.028812 0.030351
0 0.060624 0.131789 0.020408 0.030351
0 0.094838 0.194888 0.026411 0.041534
0 0.598439 0.039137 0.025210 0.030351
0 0.869148 0.013578 0.036014 0.023962
0 0.966987 0.963259 0.066026 0.073482
0 0.270708 0.163738 0.018007 0.027157
0 0.056423 0.059105 0.016807 0.022364
0 0.039016 0.021565 0.022809 0.023962
0 0.009004 0.839457 0.015606 0.052716
0 0.247299 0.706070 0.028812 0.031949
0 0.201681 0.746006 0.024010 0.025559
0 0.684274 0.748403 0.024010 0.043131
0 0.515606 0.734824 0.039616 0.044728
0 0.181873 0.984824 0.032413 0.030351
0 0.121248 0.985623 0.026411 0.028754
0 0.860744 0.118211 0.031212 0.031949
0 0.370948 0.046326 0.028812 0.025559
0 0.217887 0.012780 0.032413 0.022364
0 0.105042 0.015176 0.025210 0.027157
0 0.435774 0.588658 0.076831 0.145367
0 0.461585 0.292332 0.027611 0.038339
0 0.474190 0.346645 0.019208 0.031949
0 0.357143 0.346645 0.027611 0.035144
0 0.383553 0.186901 0.025210 0.022364
0 0.331933 0.174121 0.049220 0.041534
0 0.184874 0.336262 0.016807 0.030351
0 0.249100 0.654153 0.044418 0.068690
0 0.235894 0.517572 0.032413 0.051118
0 0.210684 0.558307 0.018007 0.030351
0 0.171669 0.517572 0.024010 0.031949
0 0.125450 0.538339 0.034814 0.035144
0 0.050420 0.667732 0.014406 0.031949
0 0.881152 0.381789 0.033613 0.044728
0 0.978391 0.705272 0.028812 0.043131
0 0.455582 0.219649 0.027611 0.027157
0 0.234694 0.067891 0.022809 0.030351
0 0.249700 0.104633 0.021609 0.023962
0 0.090636 0.151757 0.027611 0.025559
0 0.536014 0.490415 0.027611 0.031949
0 0.548019 0.268371 0.030012 0.044728
0 0.516206 0.376198 0.031212 0.039936
0 0.773709 0.186901 0.032413 0.038339
0 0.554022 0.011981 0.044418 0.020767
0 0.978992 0.855431 0.022809 0.036741
0 0.693878 0.297125 0.026411 0.028754
