0 0.453782 0.399361 0.043217 0.044728
0 0.132653 0.043930 0.135654 0.084665
0 0.016807 0.317093 0.031212 0.059105
0 0.120048 0.272364 0.033613 0.039936
0 0.193277 0.479233 0.043217 0.073482
0 0.266507 0.376198 0.038415 0.049521
0 0.385954 0.261182 0.049220 0.055911
0 0.406963 0.208466 0.038415 0.052716
0 0.344538 0.250000 0.031212 0.046326
0 0.318127 0.086262 0.040816 0.070288
0 0.322929 0.476837 0.038415 0.055911
0 0.255102 0.570288 0.032413 0.044728
0 0.199280 0.575879 0.019208 0.039936
0 0.103842 0.531150 0.025210 0.030351
0 0.051020 0.560703 0.020408 0.035144
0 0.012605 0.538339 0.022809 0.025559
0 0.021609 0.464058 0.038415 0.043131
0 0.139256 0.677316 0.028812 0.067093
0 0.229892 0.659744 0.051621 0.063898
0 0.214286 0.753195 0.039616 0.055911
0 0.045618 0.779553 0.040816 0.051118
0 0.593637 0.396166 0.034814 0.035144
0 0.634454 0.350639 0.046819 0.049521
0 0.662065 0.324281 0.042017 0.054313
0 0.687275 0.245208 0.042017 0.049521
0 0.657263 0.235623 0.025210 0.052716
0 0.573229 0.102236 0.080432 0.070288
0 0.636255 0.047125 0.050420 0.055911
0 0.945378 0.329073 0.087635 0.121406
0 0.725690 0.484824 0.039616 0.055911
0 0.947779 0.472843 0.046819 0.054313
0 0.752101 0.746006 0.080432 0.089457
0 0.910564 0.702875 0.039616 0.054313
0 0.933373 0.565495 0.032413 0.028754
0 0.761705 0.187700 0.066026 0.084665
0 0.732293 0.234824 0.048019 0.044728
0 0.728691 0.318690 0.055222 0.052716
0 0.914766 0.210863 0.057623 0.063898
0 0.543217 0.183706 0.039616 0.028754
0 0.892557 0.941693 0.109244 0.116613
0 0.759304 0.837859 0.056423 0.049521
0 0.617647 0.910543 0.039616 0.051118
0 0.581633 0.970447 0.044418 0.059105
0 0.749100 0.961661 0.024010 0.044728
0 0.669268 0.801118 0.027611 0.033546
0 0.623049 0.657348 0.031212 0.043131
0 0.627251 0.778754 0.030012 0.027157
0 0.602041 0.854633 0.034814 0.044728
0 0.562425 0.849840 0.034814 0.041534
0 0.535414 0.859425 0.036014 0.060703
0 0.411765 0.833067 0.028812 0.039936
0 0.908764 0.605431 0.028812 0.044728
0 0.956783 0.675719 0.043217 0.047923
0 0.384754 0.903355 0.044418 0.049521
0 0.458583 0.908946 0.038415 0.031949
0 0.455582 0.858626 0.025210 0.027157
0 0.437575 0.803514 0.042017 0.041534
0 0.361345 0.948083 0.038415 0.046326
0 0.356543 0.905751 0.024010 0.035144
0 0.083433 0.958466 0.034814 0.035144
0 0.078031 0.883387 0.033613 0.038339
0 0.015606 0.920927 0.028812 0.046326
0 0.010204 0.769169 0.018007 0.030351
0 0.105642 0.662939 0.033613 0.057508
0 0.636855 0.503994 0.042017 0.052716
0 0.707683 0.400160 0.042017 0.039936
0 0.848739 0.436102 0.043217 0.047923
0 0.456182 0.341853 0.026411 0.035144
0 0.569028 0.301118 0.021609 0.036741
0 0.258103 0.538339 0.031212 0.031949
0 0.391957 0.748403 0.030012 0.033546
0 0.885954 0.658946 0.026411 0.033546
0 0.913565 0.544728 0.026411 0.031949
0 0.103241 0.412141 0.043217 0.044728
0 0.115246 0.456070 0.024010 0.043131
0 0.141657 0.458466 0.021609 0.054313
0 0.242497 0.329073 0.021609 0.035144
0 0.313325 0.347444 0.021609 0.049521
0 0.301921 0.396965 0.030012 0.033546
0 0.160864 0.178914 0.026411 0.038339
0 0.204082 0.124601 0.021609 0.031949
0 0.243097 0.106230 0.027611 0.033546
0 0.061825 0.162141 0.025210 0.027157
0 0.042017 0.134984 0.026411 0.033546
0 0.045018 0.087859 0.020408 0.038339
0 0.207083 0.808307 0.022809 0.035144
0 0.251501 0.821086 0.030012 0.051118
0 0.232893 0.846645 0.019208 0.047923
0 0.282713 0.900958 0.030012 0.031949
0 0.538415 0.617412 0.032413 0.052716
0 0.699280 0.673323 0.056423 0.068690
0 0.531813 0.496006 0.033613 0.049521
0 0.453181 0.536741 0.025210 0.044728
0 0.505402 0.055112 0.040816 0.049521
0 0.481393 0.123802 0.031212 0.023962
0 0.428571 0.547125 0.026411 0.033546
0 0.384154 0.568690 0.028812 0.041534
0 0.401561 0.681310 0.044418 0.052716
0 0.121849 0.180511 0.027611 0.031949
0 0.720888 0.928115 0.015606 0.028754
0 0.730492 0.981629 0.015606 0.036741
0 0.881753 0.587859 0.022809 0.028754
0 0.165666 0.843450 0.031212 0.028754
0 0.115246 0.917732 0.024010 0.049521
0 0.657863 0.018371 0.038415 0.033546
0 0.345138 0.544728 0.022809 0.031949
