0 0.518607 0.876198 0.086435 0.123003
0 0.780912 0.955272 0.090036 0.089457
0 0.855342 0.297923 0.082833 0.110224
0 0.634454 0.242013 0.082833 0.081470
0 0.253301 0.293131 0.036014 0.081470
0 0.061825 0.623003 0.030012 0.041534
0 0.082233 0.753994 0.037215 0.047923
0 0.041417 0.085463 0.068427 0.167732
1 0.238295 0.103035 0.058824 0.075080
1 0.467587 0.039936 0.087635 0.067093
0 0.318727 0.301917 0.049220 0.083067
1 0.180072 0.375399 0.033613 0.054313
0 0.483794 0.715655 0.139256 0.137380
0 0.279712 0.938498 0.093637 0.081470
1 0.226291 0.817093 0.044418 0.081470
0 0.580432 0.369808 0.066026 0.059105
0 0.777911 0.115815 0.060024 0.075080
0 0.869148 0.611022 0.036014 0.059105
0 0.975390 0.721246 0.049220 0.075080
0 0.941176 0.889776 0.040816 0.047923
1 0.780912 0.774760 0.046819 0.079872
1 0.632653 0.493610 0.038415 0.047923
1 0.116447 0.834665 0.050420 0.068690
1 0.220888 0.472843 0.067227 0.089457
0 0.524610 0.109425 0.062425 0.087859
0 0.677071 0.092652 0.045618 0.079872
0 0.970588 0.110224 0.058824 0.118211
1 0.494598 0.222843 0.072029 0.068690
0 0.381753 0.440096 0.052821 0.043131
1 0.454382 0.424121 0.032413 0.036741
0 0.308523 0.236422 0.038415 0.076677
1 0.707683 0.552716 0.070828 0.083067
1 0.731092 0.338658 0.040816 0.057508
1 0.108643 0.676518 0.039616 0.059105
