0 0.172869 0.099840 0.052821 0.075080
0 0.350540 0.194089 0.043217 0.059105
0 0.458583 0.221246 0.036014 0.062300
0 0.420768 0.444089 0.051621 0.057508
0 0.744898 0.392173 0.042017 0.062300
0 0.596639 0.451278 0.040816 0.062300
0 0.940576 0.614217 0.046819 0.062300
0 0.950180 0.741214 0.027611 0.035144
0 0.836735 0.261182 0.043217 0.055911
0 0.604442 0.107029 0.027611 0.044728
0 0.504802 0.138179 0.051621 0.046326
0 0.640456 0.086262 0.027611 0.044728
0 0.342737 0.094249 0.030012 0.044728
0 0.243097 0.486422 0.042017 0.036741
0 0.273709 0.754792 0.036014 0.046326
0 0.255702 0.707668 0.040816 0.041534
0 0.387155 0.697284 0.039616 0.046326
0 0.257503 0.638978 0.037215 0.028754
0 0.030012 0.848243 0.057623 0.044728
0 0.112845 0.878594 0.043217 0.054313
0 0.088235 0.959265 0.061224 0.055911
0 0.573229 0.940895 0.027611 0.038339
0 0.709484 0.902556 0.033613 0.038339
0 0.570828 0.734026 0.027611 0.036741
0 0.463385 0.814696 0.043217 0.057508
0 0.198079 0.290735 0.031212 0.044728
0 0.208283 0.575080 0.032413 0.041534
0 0.141657 0.550319 0.038415 0.027157
0 0.114646 0.704473 0.034814 0.041534
0 0.894358 0.842652 0.038415 0.043131
0 0.905162 0.773962 0.031212 0.055911
0 0.990996 0.316294 0.018007 0.038339
0 0.369148 0.578275 0.044418 0.054313
0 0.432773 0.729233 0.054022 0.062300
0 0.724490 0.758786 0.044418 0.067093
0 0.722089 0.663738 0.030012 0.049521
0 0.842137 0.769968 0.032413 0.044728
0 0.821128 0.808307 0.031212 0.041534
0 0.764106 0.932907 0.025210 0.044728
0 0.138655 0.505591 0.027611 0.036741
0 0.155462 0.349840 0.034814 0.028754
0 0.435174 0.316294 0.037215 0.060703
0 0.439376 0.388179 0.028812 0.025559
0 0.333733 0.264377 0.028812 0.030351
0 0.215486 0.090256 0.032413 0.065495
0 0.791717 0.333866 0.030012 0.038339
0 0.797119 0.432109 0.028812 0.033546
0 0.794718 0.400160 0.033613 0.033546
0 0.099640 0.268371 0.048019 0.044728
0 0.977191 0.240415 0.024010 0.023962
0 0.688475 0.283546 0.022809 0.033546
0 0.543818 0.701278 0.033613 0.028754
0 0.636855 0.335463 0.032413 0.028754
0 0.536014 0.269169 0.030012 0.030351
0 0.521008 0.221246 0.026411 0.033546
0 0.441777 0.509585 0.064826 0.063898
0 0.058824 0.424121 0.019208 0.036741
0 0.937575 0.964856 0.012005 0.041534
0 0.612245 0.581470 0.021609 0.028754
0 0.614646 0.527955 0.016807 0.033546
0 0.700480 0.685304 0.022809 0.031949
0 0.950180 0.883387 0.022809 0.028754
0 0.545618 0.346645 0.037215 0.041534
0 0.035414 0.200479 0.025210 0.027157
0 0.530612 0.444888 0.021609 0.020767
0 0.273709 0.549521 0.031212 0.028754
0 0.016807 0.611022 0.024010 0.027157
0 0.112845 0.775559 0.028812 0.030351
0 0.281513 0.811502 0.037215 0.035144
0 0.218487 0.981629 0.040816 0.027157
0 0.644658 0.907348 0.031212 0.025559
0 0.830132 0.645367 0.022809 0.028754
0 0.693277 0.234026 0.027611 0.023962
0 0.623649 0.047125 0.037215 0.033546
0 0.973589 0.170927 0.019208 0.022364
0 0.588836 0.916933 0.020408 0.031949
0 0.198679 0.408946 0.020408 0.015974
0 0.160864 0.442492 0.033613 0.041534
0 0.028812 0.329073 0.033613 0.038339
0 0.396158 0.375399 0.021609 0.035144
0 0.384154 0.103834 0.012005 0.022364
0 0.458583 0.601438 0.019208 0.023962
0 0.168667 0.971246 0.022809 0.025559
0 0.630252 0.805911 0.019208 0.023962
0 0.132053 0.619010 0.016807 0.027157
0 0.274910 0.924121 0.026411 0.027157
0 0.246098 0.944888 0.026411 0.027157
0 0.214886 0.820288 0.019208 0.017572
0 0.073830 0.817093 0.027611 0.023962
0 0.895558 0.958466 0.021609 0.028754
0 0.600240 0.854633 0.012005 0.022364
0 0.762905 0.611821 0.025210 0.025559
0 0.905762 0.702077 0.010804 0.023962
0 0.525810 0.555112 0.019208 0.020767
0 0.624250 0.137380 0.045618 0.044728
0 0.922569 0.500000 0.018007 0.025559
0 0.822929 0.525559 0.025210 0.028754
0 0.882353 0.587859 0.016807 0.025559
0 0.678271 0.336262 0.021609 0.020767
0 0.927371 0.247604 0.018007 0.031949
0 0.531212 0.045527 0.018007 0.023962
0 0.942977 0.099840 0.022809 0.036741
0 0.765306 0.235623 0.020408 0.027157
0 0.087635 0.322684 0.021609 0.025559
0 0.755102 0.139776 0.024010 0.036741
0 0.828331 0.097444 0.024010 0.022364
0 0.876351 0.116613 0.024010 0.025559
0 0.915966 0.130990 0.019208 0.025559
0 0.878752 0.158147 0.019208 0.038339
0 0.958583 0.192492 0.022809 0.039936
0 0.584634 0.305112 0.024010 0.031949
0 0.349940 0.043930 0.022809 0.023962
0 0.231693 0.547125 0.024010 0.023962
0 0.075630 0.563099 0.026411 0.023962
0 0.030612 0.693291 0.018007 0.028754
0 0.048619 0.033546 0.022809 0.019169
0 0.040216 0.115016 0.042017 0.054313
0 0.479592 0.060703 0.025210 0.028754
0 0.267107 0.396965 0.025210 0.039936
0 0.258703 0.347444 0.018007 0.027157
