0 0.049220 0.611022 0.057623 0.062300
0 0.325330 0.697284 0.055222 0.052716
0 0.436975 0.553514 0.036014 0.027157
0 0.409964 0.444888 0.037215 0.033546
0 0.312725 0.468850 0.044418 0.055911
0 0.171669 0.396965 0.038415 0.036741
0 0.522209 0.654952 0.062425 0.060703
0 0.755102 0.226038 0.062425 0.071885
0 0.451981 0.350639 0.037215 0.023962
0 0.785714 0.740415 0.032413 0.065495
0 0.828331 0.733227 0.052821 0.047923
0 0.869748 0.663738 0.034814 0.027157
0 0.845738 0.617412 0.034814 0.036741
0 0.060024 0.292332 0.040816 0.063898
0 0.142257 0.071086 0.085234 0.078275
0 0.059424 0.474441 0.034814 0.031949
0 0.200480 0.478435 0.052821 0.036741
0 0.204082 0.265176 0.031212 0.041534
0 0.279112 0.769968 0.042017 0.031949
0 0.268307 0.791534 0.025210 0.020767
0 0.268307 0.932907 0.058824 0.051118
0 0.342737 0.974441 0.063625 0.044728
0 0.475390 0.837061 0.028812 0.035144
0 0.593637 0.786741 0.034814 0.036741
0 0.274310 0.301917 0.030012 0.025559
0 0.286915 0.160543 0.033613 0.027157
0 0.486795 0.123802 0.037215 0.039936
0 0.496399 0.204473 0.037215 0.041534
0 0.433974 0.269169 0.051621 0.043131
0 0.429172 0.304313 0.027611 0.036741
0 0.401561 0.498403 0.020408 0.031949
0 0.377551 0.875399 0.027611 0.031949
0 0.635054 0.881789 0.052821 0.057508
0 0.553421 0.940895 0.062425 0.057508
0 0.932173 0.424121 0.054022 0.071885
0 0.914166 0.158147 0.078031 0.073482
0 0.834334 0.150160 0.060024 0.060703
0 0.621248 0.110224 0.037215 0.035144
0 0.509004 0.147764 0.033613 0.030351
0 0.455582 0.216454 0.025210 0.033546
0 0.504202 0.364217 0.031212 0.041534
0 0.619448 0.415335 0.055222 0.089457
0 0.626050 0.497604 0.037215 0.039936
0 0.649460 0.560703 0.026411 0.041534
0 0.669868 0.548722 0.024010 0.036741
0 0.672269 0.677316 0.036014 0.051118
0 0.756303 0.787540 0.038415 0.038339
0 0.354142 0.411342 0.048019 0.055911
0 0.611044 0.025559 0.045618 0.044728
0 0.869148 0.821086 0.040816 0.063898
0 0.874550 0.774760 0.039616 0.031949
0 0.695678 0.937700 0.030012 0.035144
0 0.812125 0.595048 0.032413 0.049521
0 0.976591 0.475240 0.034814 0.055911
0 0.917167 0.512780 0.033613 0.031949
0 0.935774 0.484026 0.030012 0.031949
0 0.517407 0.600639 0.050420 0.054313
0 0.978992 0.027955 0.034814 0.052716
0 0.480192 0.071086 0.033613 0.043131
0 0.406363 0.176518 0.027611 0.036741
0 0.414766 0.053514 0.025210 0.030351
0 0.569628 0.447284 0.022809 0.025559
0 0.552821 0.513578 0.032413 0.027157
0 0.580432 0.581470 0.037215 0.031949
0 0.549820 0.164537 0.028812 0.028754
0 0.328331 0.212460 0.027611 0.028754
0 0.414766 0.782748 0.027611 0.031949
0 0.434574 0.837061 0.026411 0.038339
0 0.489196 0.460863 0.020408 0.030351
0 0.781513 0.896166 0.033613 0.022364
0 0.696879 0.839457 0.022809 0.027157
0 0.961585 0.271565 0.031212 0.041534
0 0.979592 0.095847 0.031212 0.035144
0 0.555822 0.302716 0.088836 0.087859
