0 0.385354 0.256390 0.117647 0.119808
0 0.341537 0.547923 0.046819 0.057508
0 0.091837 0.530351 0.039616 0.041534
0 0.087635 0.591054 0.081633 0.083067
0 0.142857 0.555112 0.036014 0.027157
0 0.098439 0.734026 0.043217 0.059105
0 0.058223 0.756390 0.068427 0.135783
0 0.148259 0.755591 0.037215 0.054313
0 0.178872 0.765974 0.031212 0.039936
0 0.201681 0.800319 0.038415 0.060703
0 0.265906 0.707668 0.046819 0.076677
0 0.531212 0.600639 0.037215 0.041534
0 0.328331 0.744409 0.070828 0.111821
0 0.490396 0.623802 0.030012 0.030351
0 0.444778 0.387380 0.075630 0.081470
0 0.549220 0.770767 0.070828 0.087859
0 0.429172 0.817891 0.042017 0.051118
0 0.355942 0.854633 0.054022 0.051118
0 0.460984 0.931310 0.048019 0.070288
0 0.564826 0.904952 0.056423 0.071885
0 0.606242 0.972045 0.033613 0.049521
0 0.648259 0.761981 0.048019 0.070288
0 0.726891 0.603035 0.042017 0.055911
0 0.839136 0.521565 0.069628 0.084665
0 0.660864 0.524760 0.049220 0.052716
0 0.657263 0.573482 0.030012 0.035144
0 0.625450 0.500000 0.031212 0.038339
0 0.730492 0.241214 0.054022 0.067093
0 0.574430 0.337061 0.044418 0.063898
0 0.514406 0.365815 0.030012 0.067093
0 0.572629 0.403355 0.031212 0.039936
0 0.232893 0.205272 0.057623 0.065495
0 0.050420 0.187700 0.064826 0.062300
0 0.070228 0.130192 0.049220 0.036741
0 0.789916 0.096645 0.040816 0.052716
0 0.797719 0.150160 0.027611 0.047923
0 0.662065 0.211661 0.032413 0.027157
0 0.880552 0.067891 0.042017 0.071885
0 0.879952 0.836262 0.028812 0.046326
0 0.776711 0.905751 0.031212 0.022364
0 0.774910 0.619808 0.051621 0.095847
0 0.706483 0.927316 0.034814 0.036741
0 0.656663 0.960863 0.033613 0.027157
0 0.503601 0.869808 0.042017 0.033546
0 0.472389 0.702077 0.042017 0.027157
0 0.136855 0.865016 0.033613 0.052716
0 0.224490 0.978435 0.031212 0.036741
0 0.563625 0.472843 0.032413 0.060703
0 0.463385 0.445687 0.028812 0.025559
0 0.330732 0.380192 0.027611 0.031949
0 0.061224 0.342652 0.028812 0.039936
0 0.091837 0.479233 0.027611 0.038339
0 0.111645 0.429712 0.021609 0.047923
0 0.711885 0.338658 0.043217 0.044728
0 0.738896 0.302716 0.042017 0.055911
0 0.828331 0.281949 0.033613 0.046326
0 0.960984 0.904153 0.025210 0.038339
0 0.862545 0.222843 0.025210 0.036741
0 0.236495 0.035942 0.033613 0.033546
0 0.920168 0.013578 0.039616 0.023962
0 0.532413 0.239617 0.027611 0.041534
0 0.134454 0.323482 0.036014 0.033546
0 0.855342 0.377796 0.020408 0.030351
0 0.261104 0.775559 0.020408 0.036741
