1 0.618247 0.920927 0.060024 0.052716
1 0.884154 0.663738 0.032413 0.039936
1 0.984394 0.924121 0.031212 0.046326
1 0.475990 0.408946 0.044418 0.067093
1 0.447779 0.539137 0.026411 0.059105
1 0.357743 0.622204 0.024010 0.039936
1 0.645258 0.203674 0.025210 0.043131
1 0.232293 0.111022 0.042017 0.055911
1 0.079832 0.071086 0.049220 0.071885
1 0.053421 0.461661 0.042017 0.051118
1 0.108643 0.555112 0.034814 0.055911
1 0.226891 0.647764 0.031212 0.049521
1 0.782713 0.215655 0.038415 0.060703
1 0.645258 0.518371 0.030012 0.036741
1 0.632653 0.556709 0.043217 0.052716
1 0.778511 0.356230 0.042017 0.044728
1 0.879352 0.166134 0.051621 0.067093
1 0.733493 0.404952 0.103241 0.075080
1 0.215486 0.260383 0.046819 0.067093
