0 0.305522 0.510383 0.054022 0.097444
0 0.331933 0.951278 0.085234 0.097444
0 0.615846 0.515974 0.064826 0.089457
0 0.887155 0.238818 0.050420 0.033546
0 0.886555 0.159744 0.037215 0.047923
0 0.423770 0.196486 0.045618 0.070288
0 0.597239 0.948083 0.104442 0.103834
0 0.824130 0.819489 0.058824 0.111821
0 0.672869 0.714058 0.037215 0.054313
0 0.803121 0.510383 0.038415 0.046326
0 0.762305 0.677316 0.040816 0.044728
0 0.723890 0.242812 0.031212 0.044728
0 0.980792 0.146965 0.038415 0.076677
0 0.894958 0.502396 0.039616 0.049521
0 0.864346 0.662141 0.031212 0.055911
0 0.977791 0.723642 0.030012 0.054313
0 0.762305 0.784345 0.055222 0.073482
0 0.974190 0.826677 0.051621 0.087859
0 0.512605 0.154952 0.036014 0.038339
1 0.047419 0.319489 0.030012 0.054313
1 0.124850 0.339457 0.043217 0.081470
1 0.036014 0.690096 0.031212 0.057508
1 0.132653 0.491214 0.027611 0.055911
1 0.580432 0.031150 0.027611 0.046326
1 0.150660 0.143770 0.027611 0.035144
1 0.210084 0.542332 0.031212 0.036741
1 0.372749 0.488019 0.015606 0.030351
1 0.639856 0.314696 0.028812 0.086262
1 0.755102 0.179712 0.060024 0.100639
1 0.108043 0.044728 0.055222 0.060703
1 0.368547 0.108626 0.028812 0.031949
1 0.301321 0.249201 0.021609 0.025559
1 0.604442 0.148562 0.022809 0.035144
1 0.540216 0.092652 0.026411 0.031949
1 0.468788 0.089457 0.030012 0.044728
