0 0.926170 0.347444 0.092437 0.145367
0 0.883553 0.420128 0.048019 0.054313
0 0.923169 0.449681 0.026411 0.036741
0 0.894358 0.469649 0.024010 0.057508
0 0.926170 0.482428 0.042017 0.041534
0 0.468788 0.842652 0.046819 0.068690
0 0.380552 0.600639 0.033613 0.060703
0 0.381152 0.514377 0.027611 0.047923
0 0.108043 0.569489 0.036014 0.046326
0 0.060024 0.661342 0.028812 0.038339
0 0.937575 0.850639 0.050420 0.081470
0 0.938175 0.729233 0.037215 0.039936
0 0.732293 0.710863 0.055222 0.047923
0 0.378151 0.892971 0.033613 0.031949
0 0.531212 0.813898 0.054022 0.087859
0 0.037815 0.957668 0.027611 0.039936
0 0.325330 0.035144 0.050420 0.067093
0 0.064226 0.135783 0.039616 0.041534
0 0.121849 0.230032 0.030012 0.060703
0 0.043217 0.216454 0.033613 0.043131
0 0.044418 0.369808 0.045618 0.071885
0 0.214286 0.341054 0.030012 0.030351
0 0.778511 0.061502 0.030012 0.039936
0 0.875150 0.202077 0.024010 0.046326
0 0.716086 0.625399 0.042017 0.052716
0 0.638655 0.554313 0.036014 0.041534
0 0.534214 0.630192 0.028812 0.039936
0 0.658463 0.983227 0.030012 0.033546
0 0.830732 0.853834 0.045618 0.059105
0 0.798319 0.782748 0.052821 0.076677
0 0.408764 0.778754 0.044418 0.049521
0 0.844538 0.776358 0.032413 0.038339
0 0.699880 0.816294 0.033613 0.041534
0 0.487995 0.115016 0.042017 0.038339
0 0.353541 0.472045 0.034814 0.030351
0 0.531212 0.237220 0.025210 0.039936
0 0.953782 0.190895 0.027611 0.043131
0 0.563025 0.091853 0.033613 0.039936
0 0.499400 0.063099 0.040816 0.043131
0 0.304322 0.867412 0.030012 0.054313
0 0.103241 0.945687 0.052821 0.070288
0 0.379952 0.947284 0.042017 0.051118
0 0.342737 0.957668 0.032413 0.049521
0 0.270708 0.075879 0.046819 0.049521
0 0.148860 0.293131 0.043217 0.049521
0 0.094838 0.311502 0.024010 0.047923
0 0.455582 0.291534 0.037215 0.049521
0 0.756903 0.125399 0.039616 0.033546
0 0.740696 0.072684 0.026411 0.049521
0 0.136855 0.020767 0.043217 0.038339
0 0.635054 0.706070 0.024010 0.035144
0 0.710084 0.955272 0.015606 0.038339
0 0.042017 0.610224 0.021609 0.035144
0 0.222689 0.600639 0.032413 0.041534
0 0.035414 0.775559 0.025210 0.046326
0 0.424370 0.154153 0.046819 0.036741
0 0.460384 0.772364 0.025210 0.036741
0 0.696879 0.476837 0.027611 0.043131
0 0.168067 0.375399 0.033613 0.038339
0 0.686675 0.724441 0.026411 0.036741
0 0.591236 0.030351 0.042017 0.038339
0 0.473589 0.708466 0.020408 0.030351
0 0.277911 0.444089 0.070828 0.108626
0 0.742497 0.366613 0.034814 0.033546
0 0.633854 0.389776 0.024010 0.035144
0 0.192677 0.834665 0.034814 0.049521
0 0.147659 0.532748 0.024010 0.033546
0 0.209484 0.064696 0.030012 0.027157
0 0.910564 0.657348 0.032413 0.043131
0 0.814526 0.585463 0.030012 0.049521
0 0.774910 0.603834 0.039616 0.041534
0 0.678872 0.166933 0.042017 0.036741
0 0.367347 0.028754 0.033613 0.041534
0 0.399760 0.353834 0.031212 0.030351
0 0.393758 0.264377 0.024010 0.033546
0 0.563025 0.391374 0.031212 0.044728
0 0.792317 0.345048 0.028812 0.041534
