0 0.533613 0.156550 0.102041 0.099042
0 0.177671 0.285144 0.091236 0.151757
0 0.071429 0.250000 0.051621 0.091054
0 0.331333 0.204473 0.064826 0.083067
0 0.513205 0.369010 0.061224 0.095847
0 0.883553 0.569489 0.067227 0.123003
0 0.295318 0.107029 0.038415 0.044728
0 0.318727 0.038339 0.037215 0.057508
0 0.689076 0.115815 0.033613 0.036741
0 0.579832 0.034345 0.028812 0.033546
0 0.954982 0.226038 0.030012 0.039936
0 0.974190 0.015974 0.027611 0.028754
0 0.470588 0.252396 0.038415 0.028754
0 0.748499 0.079073 0.030012 0.033546
0 0.877551 0.151757 0.036014 0.047923
0 0.016206 0.148562 0.022809 0.044728
0 0.267707 0.020767 0.033613 0.025559
0 0.594838 0.116613 0.042017 0.073482
0 0.919568 0.646965 0.040816 0.051118
0 0.972989 0.188498 0.027611 0.047923
