1 0.160264 0.311502 0.058824 0.083067
1 0.720888 0.301118 0.061224 0.065495
1 0.909364 0.515974 0.092437 0.118211
1 0.817527 0.853834 0.050420 0.062300
1 0.840936 0.925719 0.058824 0.068690
1 0.392557 0.361022 0.060024 0.092652
1 0.330732 0.162141 0.056423 0.078275
1 0.224490 0.061502 0.055222 0.062300
1 0.385354 0.128594 0.050420 0.087859
1 0.594838 0.078275 0.063625 0.067093
1 0.240096 0.888978 0.086435 0.097444
1 0.063025 0.874601 0.066026 0.075080
1 0.235294 0.588658 0.036014 0.052716
0 0.145258 0.884984 0.048019 0.044728
0 0.734094 0.735623 0.066026 0.084665
0 0.587635 0.797923 0.037215 0.059105
0 0.635054 0.690096 0.043217 0.044728
1 0.288115 0.361022 0.038415 0.044728
1 0.460984 0.291534 0.057623 0.097444
1 0.585834 0.321086 0.076831 0.063898
1 0.537215 0.182109 0.044418 0.047923
1 0.028812 0.328275 0.045618 0.107029
1 0.155462 0.782748 0.051621 0.083067
1 0.265306 0.790735 0.069628 0.089457
0 0.879352 0.356230 0.070828 0.089457
0 0.989196 0.456869 0.021609 0.105431
0 0.096038 0.500000 0.043217 0.054313
0 0.900960 0.182907 0.051621 0.062300
1 0.788715 0.587061 0.074430 0.094249
0 0.305522 0.666933 0.037215 0.046326
0 0.283914 0.601438 0.022809 0.059105
1 0.639256 0.233227 0.056423 0.057508
1 0.121849 0.047125 0.034814 0.046326
1 0.082233 0.762780 0.030012 0.052716
0 0.644058 0.970447 0.056423 0.059105
0 0.413565 0.845847 0.056423 0.068690
1 0.596639 0.506390 0.043217 0.070288
0 0.259304 0.306709 0.026411 0.041534
0 0.178872 0.136581 0.028812 0.043131
1 0.043818 0.105431 0.085234 0.169329
