0 0.509604 0.100639 0.049220 0.057508
0 0.536014 0.619010 0.044418 0.059105
0 0.676471 0.234026 0.049220 0.065495
0 0.154262 0.563099 0.046819 0.062300
0 0.036615 0.556709 0.034814 0.043131
0 0.168067 0.369010 0.033613 0.047923
0 0.847539 0.333067 0.045618 0.055911
0 0.848739 0.711661 0.045618 0.059105
0 0.977191 0.383387 0.043217 0.060703
0 0.596038 0.842652 0.034814 0.046326
0 0.965786 0.611821 0.042017 0.051118
0 0.569028 0.938498 0.036014 0.052716
1 0.713085 0.634185 0.033613 0.044728
0 0.903361 0.382588 0.020408 0.030351
0 0.022809 0.065495 0.043217 0.070288
0 0.965786 0.782748 0.030012 0.038339
1 0.147659 0.287540 0.031212 0.035144
0 0.349340 0.604633 0.031212 0.046326
