0 0.462785 0.352236 0.075630 0.078275
0 0.405162 0.267572 0.075630 0.075080
0 0.274910 0.378594 0.043217 0.044728
0 0.101441 0.610224 0.068427 0.076677
0 0.349940 0.789137 0.049220 0.063898
0 0.501801 0.614217 0.050420 0.059105
0 0.535414 0.533546 0.048019 0.051118
0 0.778511 0.359425 0.061224 0.060703
0 0.831333 0.261182 0.066026 0.075080
0 0.707083 0.261981 0.043217 0.047923
0 0.699880 0.039137 0.074430 0.075080
0 0.544418 0.134185 0.051621 0.051118
0 0.020408 0.458466 0.038415 0.047923
0 0.198079 0.746805 0.050420 0.075080
0 0.134454 0.750799 0.052821 0.057508
0 0.222689 0.896965 0.030012 0.033546
0 0.539016 0.779553 0.052821 0.044728
0 0.409364 0.049521 0.064826 0.092652
0 0.186074 0.054313 0.038415 0.035144
0 0.118247 0.086262 0.034814 0.038339
0 0.138055 0.117412 0.026411 0.055911
0 0.175870 0.131789 0.039616 0.049521
0 0.151861 0.285144 0.034814 0.039936
0 0.210084 0.190895 0.031212 0.046326
0 0.086435 0.321086 0.031212 0.041534
0 0.299520 0.233227 0.039616 0.038339
0 0.319328 0.298722 0.055222 0.063898
0 0.430372 0.649361 0.022809 0.043131
0 0.549820 0.925719 0.038415 0.068690
0 0.397959 0.976837 0.049220 0.046326
0 0.748499 0.662141 0.044418 0.068690
0 0.700480 0.591054 0.039616 0.031949
0 0.809724 0.474441 0.030012 0.038339
0 0.734094 0.476038 0.022809 0.035144
0 0.832533 0.030351 0.058824 0.057508
0 0.964586 0.064696 0.046819 0.039936
0 0.971789 0.119010 0.044418 0.065495
0 0.908163 0.247604 0.042017 0.051118
0 0.944178 0.335463 0.042017 0.051118
0 0.966387 0.561502 0.036014 0.055911
0 0.913565 0.599840 0.019208 0.039936
0 0.632653 0.026358 0.028812 0.036741
0 0.609844 0.075879 0.036014 0.039936
0 0.561825 0.208466 0.038415 0.052716
0 0.492797 0.150160 0.030012 0.047923
0 0.467587 0.182109 0.034814 0.044728
0 0.599640 0.615815 0.034814 0.043131
0 0.278511 0.892173 0.026411 0.043131
0 0.487395 0.040735 0.033613 0.039936
0 0.020408 0.618211 0.038415 0.051118
0 0.054622 0.239617 0.032413 0.031949
0 0.921369 0.429712 0.039616 0.047923
0 0.880552 0.416933 0.034814 0.057508
0 0.835534 0.606230 0.036014 0.036741
0 0.923770 0.073482 0.025210 0.041534
0 0.700480 0.124601 0.037215 0.031949
0 0.641657 0.093450 0.022809 0.027157
0 0.064226 0.556709 0.044418 0.036741
0 0.451981 0.948083 0.027611 0.036741
0 0.249100 0.500799 0.022809 0.030351
0 0.339136 0.176518 0.042017 0.043131
0 0.329532 0.107029 0.030012 0.035144
0 0.739496 0.555112 0.033613 0.027157
0 0.789916 0.575080 0.028812 0.022364
0 0.414766 0.835463 0.027611 0.044728
0 0.142857 0.989617 0.038415 0.020767
0 0.986194 0.372204 0.022809 0.022364
0 0.011405 0.111821 0.020408 0.057508
0 0.638655 0.480831 0.021609 0.035144
0 0.231092 0.595048 0.027611 0.049521
0 0.954382 0.230831 0.031212 0.033546
0 0.155462 0.211661 0.027611 0.036741
0 0.283914 0.113419 0.030012 0.044728
0 0.843337 0.910543 0.032413 0.025559
0 0.577431 0.459265 0.038415 0.033546
0 0.019208 0.323482 0.036014 0.046326
0 0.382953 0.648562 0.019208 0.025559
0 0.353541 0.015974 0.032413 0.028754
0 0.676471 0.734026 0.025210 0.030351
0 0.674070 0.887380 0.042017 0.046326
