0 0.203481 0.335463 0.054022 0.057508
0 0.401561 0.562300 0.063625 0.073482
0 0.348739 0.726038 0.063625 0.062300
0 0.315126 0.808307 0.073229 0.092652
0 0.058223 0.818690 0.114046 0.222045
0 0.911765 0.843450 0.130852 0.175719
0 0.968187 0.735623 0.058824 0.071885
0 0.842737 0.681310 0.045618 0.049521
0 0.812725 0.555911 0.043217 0.070288
0 0.603842 0.412141 0.040816 0.054313
0 0.616447 0.332268 0.056423 0.067093
0 0.606242 0.061502 0.043217 0.052716
1 0.371549 0.312300 0.027611 0.033546
0 0.241897 0.170927 0.039616 0.038339
0 0.123649 0.095847 0.033613 0.041534
0 0.106843 0.052716 0.033613 0.038339
0 0.195078 0.057508 0.042017 0.041534
0 0.620648 0.619808 0.040816 0.051118
0 0.684874 0.558307 0.027611 0.036741
0 0.665066 0.699681 0.048019 0.076677
0 0.633253 0.726038 0.034814 0.052716
0 0.776711 0.700479 0.040816 0.049521
0 0.530612 0.841853 0.036014 0.060703
0 0.557623 0.972045 0.032413 0.039936
0 0.588836 0.920128 0.046819 0.041534
0 0.434574 0.870607 0.043217 0.047923
0 0.282113 0.943291 0.048019 0.036741
0 0.287515 0.978435 0.039616 0.033546
0 0.067227 0.956869 0.028812 0.038339
0 0.132653 0.518371 0.032413 0.030351
0 0.148860 0.581470 0.031212 0.035144
0 0.298920 0.450479 0.026411 0.028754
0 0.827731 0.119010 0.025210 0.036741
0 0.852341 0.095048 0.033613 0.046326
0 0.854742 0.172524 0.033613 0.041534
0 0.791717 0.253994 0.034814 0.044728
0 0.786915 0.369010 0.025210 0.031949
0 0.810924 0.403355 0.037215 0.046326
1 0.319328 0.026358 0.036014 0.046326
1 0.408163 0.019169 0.026411 0.035144
0 0.905762 0.136581 0.032413 0.049521
0 0.677071 0.129393 0.036014 0.044728
1 0.045618 0.327476 0.045618 0.070288
