0 0.293517 0.373003 0.130852 0.132588
0 0.068427 0.720447 0.060024 0.118211
0 0.337335 0.676518 0.052821 0.039936
0 0.147059 0.657348 0.054022 0.059105
0 0.563025 0.595048 0.086435 0.087859
0 0.184274 0.956070 0.078031 0.087859
0 0.618848 0.095048 0.183673 0.186901
0 0.463385 0.471246 0.067227 0.073482
0 0.498199 0.705272 0.060024 0.081470
0 0.909364 0.486422 0.063625 0.123003
0 0.936975 0.209265 0.049220 0.047923
0 0.680072 0.460064 0.099640 0.121406
0 0.973589 0.129393 0.052821 0.099042
0 0.781513 0.379393 0.036014 0.033546
0 0.797119 0.421725 0.028812 0.038339
1 0.178271 0.184505 0.061224 0.078275
1 0.159664 0.360224 0.050420 0.046326
1 0.186675 0.402556 0.039616 0.051118
1 0.637455 0.950479 0.057623 0.089457
1 0.096038 0.097444 0.045618 0.060703
1 0.616447 0.465655 0.082833 0.075080
0 0.041417 0.932109 0.042017 0.081470
0 0.531813 0.820288 0.050420 0.078275
0 0.458583 0.875399 0.055222 0.105431
0 0.777311 0.503994 0.044418 0.046326
0 0.366747 0.183706 0.037215 0.047923
1 0.791116 0.833866 0.028812 0.038339
0 0.429172 0.672524 0.034814 0.047923
0 0.916567 0.384984 0.037215 0.073482
0 0.630852 0.649361 0.027611 0.075080
1 0.581032 0.931310 0.052821 0.070288
0 0.185474 0.765974 0.140456 0.186901
1 0.069028 0.519968 0.039616 0.052716
1 0.519808 0.185304 0.045618 0.060703
0 0.891357 0.218051 0.051621 0.068690
1 0.403361 0.284345 0.043217 0.057508
0 0.546819 0.374601 0.085234 0.113419
1 0.417767 0.784345 0.038415 0.051118
1 0.410564 0.105431 0.038415 0.028754
0 0.261104 0.206070 0.030012 0.035144
0 0.362545 0.398562 0.036014 0.033546
1 0.579832 0.290735 0.031212 0.035144
0 0.567227 0.472843 0.058824 0.044728
1 0.402161 0.535942 0.031212 0.036741
1 0.385354 0.481629 0.033613 0.046326
1 0.389556 0.323482 0.022809 0.043131
1 0.306723 0.138179 0.037215 0.033546
