0 0.248499 0.500799 0.494598 0.998403
0 0.341537 0.187700 0.049220 0.071885
0 0.415366 0.079073 0.033613 0.039936
0 0.396759 0.427316 0.063625 0.091054
0 0.346339 0.642173 0.051621 0.156550
0 0.387155 0.646166 0.027611 0.062300
0 0.377551 0.730032 0.054022 0.057508
0 0.433373 0.616613 0.060024 0.054313
0 0.662065 0.587061 0.202881 0.263578
0 0.792317 0.765176 0.093637 0.115016
0 0.704082 0.805911 0.044418 0.039936
0 0.627851 0.112620 0.052821 0.087859
0 0.717887 0.167732 0.040816 0.057508
0 0.938175 0.088658 0.051621 0.055911
0 0.809124 0.033546 0.045618 0.041534
0 0.497599 0.943291 0.094838 0.113419
1 0.948379 0.485623 0.048019 0.060703
1 0.965786 0.394569 0.032413 0.047923
1 0.990396 0.509585 0.019208 0.044728
1 0.954982 0.967252 0.051621 0.065495
1 0.867347 0.980032 0.037215 0.039936
1 0.824130 0.950479 0.046819 0.041534
1 0.948379 0.208466 0.031212 0.039936
0 0.828331 0.335463 0.033613 0.041534
0 0.807923 0.301917 0.031212 0.022364
0 0.689076 0.289137 0.024010 0.041534
0 0.693878 0.079073 0.024010 0.030351
0 0.965786 0.012780 0.022809 0.022364
0 0.441777 0.019968 0.028812 0.030351
0 0.737695 0.416933 0.042017 0.051118
0 0.548619 0.413738 0.045618 0.086262
0 0.510804 0.466454 0.030012 0.038339
