0 0.122449 0.693291 0.062425 0.073482
0 0.024010 0.659744 0.045618 0.070288
0 0.242497 0.267572 0.120048 0.164537
0 0.883553 0.685304 0.074430 0.086262
0 0.343337 0.066294 0.055222 0.071885
0 0.528211 0.242013 0.048019 0.081470
0 0.273109 0.908147 0.066026 0.091054
0 0.164466 0.117412 0.060024 0.087859
0 0.279112 0.139776 0.054022 0.068690
0 0.708283 0.151757 0.048019 0.063898
0 0.777911 0.083067 0.038415 0.051118
0 0.382353 0.724441 0.042017 0.091054
0 0.914766 0.093450 0.038415 0.055911
0 0.059424 0.276358 0.039616 0.047923
1 0.327731 0.456869 0.062425 0.095847
1 0.258703 0.416134 0.054022 0.059105
1 0.165666 0.358626 0.043217 0.075080
1 0.118848 0.573482 0.055222 0.067093
0 0.515606 0.361821 0.044418 0.059105
0 0.773709 0.265176 0.044418 0.047923
1 0.868547 0.073482 0.039616 0.079872
0 0.737095 0.777955 0.045618 0.047923
1 0.502401 0.435304 0.044418 0.071885
1 0.642257 0.734026 0.069628 0.142173
0 0.669868 0.221246 0.024010 0.052716
0 0.717887 0.211661 0.026411 0.135783
0 0.783914 0.528754 0.067227 0.118211
0 0.875150 0.433706 0.079232 0.087859
0 0.683073 0.357029 0.045618 0.055911
0 0.430972 0.942492 0.076831 0.063898
0 0.762305 0.970447 0.062425 0.059105
0 0.895558 0.851438 0.064826 0.079872
0 0.665066 0.167732 0.026411 0.038339
0 0.947179 0.277955 0.055222 0.089457
1 0.021609 0.540735 0.040816 0.052716
1 0.115846 0.969649 0.058824 0.060703
1 0.051621 0.143770 0.084034 0.150160
0 0.151861 0.017572 0.082833 0.031949
1 0.277911 0.026358 0.044418 0.049521
0 0.502401 0.153355 0.066026 0.060703
1 0.480192 0.278754 0.043217 0.071885
0 0.467587 0.717252 0.042017 0.054313
1 0.578031 0.888978 0.046819 0.071885
1 0.078631 0.429712 0.039616 0.044728
1 0.104442 0.333866 0.033613 0.054313
