0 0.160864 0.050319 0.052821 0.084665
0 0.267707 0.216454 0.060024 0.091054
0 0.306723 0.124601 0.058824 0.076677
0 0.484994 0.381789 0.091236 0.108626
0 0.755702 0.562300 0.080432 0.105431
0 0.447779 0.904153 0.172869 0.191693
0 0.112845 0.361022 0.081633 0.063898
0 0.466987 0.778754 0.057623 0.081470
1 0.945378 0.106230 0.066026 0.078275
1 0.585834 0.296326 0.062425 0.075080
1 0.564826 0.886581 0.042017 0.079872
1 0.890156 0.785942 0.049220 0.073482
1 0.794718 0.170128 0.062425 0.055911
0 0.363745 0.379393 0.067227 0.081470
1 0.037215 0.543930 0.064826 0.087859
1 0.657863 0.822684 0.074430 0.102236
0 0.912965 0.347444 0.068427 0.110224
0 0.866747 0.967252 0.081633 0.065495
0 0.763505 0.105431 0.033613 0.054313
0 0.868547 0.195687 0.030012 0.062300
0 0.342737 0.601438 0.049220 0.052716
0 0.623649 0.488019 0.056423 0.071885
1 0.504802 0.150958 0.044418 0.059105
1 0.446579 0.617412 0.064826 0.075080
1 0.219688 0.432109 0.038415 0.078275
1 0.637455 0.698083 0.048019 0.047923
1 0.678271 0.654153 0.055222 0.065495
1 0.872749 0.073482 0.038415 0.044728
