0 0.334334 0.620607 0.126050 0.135783
0 0.575630 0.376997 0.090036 0.108626
0 0.628451 0.326677 0.039616 0.055911
0 0.713085 0.365016 0.033613 0.049521
0 0.779712 0.299521 0.042017 0.046326
0 0.669268 0.480831 0.058824 0.073482
0 0.514406 0.534345 0.061224 0.075080
0 0.498199 0.750000 0.045618 0.059105
0 0.677071 0.884185 0.064826 0.087859
0 0.262305 0.128594 0.025210 0.033546
0 0.079832 0.550319 0.030012 0.039936
0 0.031813 0.705272 0.061224 0.186901
0 0.331333 0.884185 0.064826 0.094249
0 0.885354 0.908147 0.054022 0.068690
0 0.861945 0.952875 0.033613 0.039936
0 0.899160 0.954473 0.038415 0.036741
0 0.912965 0.701278 0.051621 0.070288
0 0.942977 0.503994 0.030012 0.039936
0 0.918367 0.535942 0.026411 0.033546
0 0.907563 0.337061 0.040816 0.060703
0 0.909964 0.051118 0.028812 0.051118
0 0.479592 0.131789 0.027611 0.036741
0 0.639256 0.121406 0.044418 0.051118
1 0.187875 0.802716 0.049220 0.062300
1 0.139256 0.748403 0.038415 0.075080
1 0.102041 0.916134 0.040816 0.046326
1 0.104442 0.980032 0.038415 0.039936
1 0.026411 0.979233 0.033613 0.035144
1 0.138055 0.210064 0.050420 0.059105
1 0.013205 0.232428 0.024010 0.068690
1 0.047419 0.099042 0.039616 0.057508
1 0.339736 0.360224 0.057623 0.078275
1 0.453181 0.703674 0.034814 0.055911
0 0.531212 0.822684 0.034814 0.054313
0 0.426771 0.932109 0.039616 0.043131
0 0.677671 0.587859 0.030012 0.035144
0 0.794718 0.399361 0.048019 0.079872
0 0.421369 0.115016 0.031212 0.041534
0 0.375150 0.205272 0.034814 0.049521
0 0.741897 0.262780 0.028812 0.036741
0 0.759304 0.221246 0.030012 0.043131
0 0.682473 0.142173 0.034814 0.044728
0 0.393758 0.335463 0.031212 0.035144
0 0.392557 0.448083 0.033613 0.043131
0 0.368547 0.411342 0.021609 0.033546
0 0.912965 0.781949 0.042017 0.059105
0 0.821729 0.718051 0.042017 0.055911
0 0.275510 0.402556 0.022809 0.031949
0 0.280912 0.454473 0.021609 0.043131
0 0.243697 0.503195 0.048019 0.044728
