0 0.460384 0.679712 0.080432 0.103834
0 0.460384 0.581470 0.030012 0.057508
0 0.082833 0.397764 0.055222 0.095847
0 0.022209 0.468850 0.042017 0.065495
0 0.251501 0.595847 0.058824 0.105431
0 0.167467 0.615815 0.046819 0.059105
0 0.126651 0.603834 0.032413 0.047923
0 0.089436 0.603834 0.037215 0.057508
0 0.285714 0.714856 0.040816 0.078275
0 0.339736 0.728435 0.031212 0.041534
0 0.339736 0.769968 0.036014 0.041534
0 0.149460 0.697284 0.037215 0.046326
0 0.087035 0.682109 0.039616 0.035144
0 0.034814 0.735623 0.038415 0.036741
0 0.022809 0.937700 0.036014 0.054313
0 0.771909 0.756390 0.052821 0.062300
0 0.779712 0.856230 0.056423 0.086262
0 0.899760 0.765176 0.039616 0.073482
0 0.921969 0.512780 0.117647 0.156550
0 0.899160 0.638179 0.057623 0.078275
0 0.537815 0.390575 0.050420 0.068690
0 0.536615 0.436102 0.033613 0.047923
0 0.588836 0.408147 0.025210 0.046326
0 0.228691 0.214856 0.034814 0.049521
0 0.098439 0.160543 0.055222 0.068690
0 0.489796 0.321885 0.033613 0.027157
0 0.696279 0.152556 0.060024 0.091054
0 0.765306 0.151757 0.058824 0.057508
0 0.906363 0.130192 0.050420 0.068690
0 0.911164 0.252396 0.033613 0.038339
0 0.941777 0.296326 0.030012 0.049521
0 0.861945 0.395367 0.019208 0.046326
0 0.252701 0.131789 0.046819 0.039936
0 0.124850 0.229233 0.040816 0.039936
0 0.310924 0.147764 0.038415 0.049521
0 0.125450 0.511981 0.037215 0.052716
0 0.671068 0.891374 0.038415 0.044728
0 0.603842 0.681310 0.045618 0.049521
0 0.518607 0.615016 0.050420 0.044728
0 0.545618 0.570288 0.034814 0.035144
0 0.313325 0.473642 0.040816 0.043131
0 0.702281 0.233227 0.060024 0.051118
0 0.711885 0.289936 0.040816 0.046326
0 0.493397 0.145367 0.036014 0.035144
0 0.872749 0.883387 0.033613 0.041534
0 0.866146 0.950479 0.037215 0.044728
0 0.936375 0.941693 0.033613 0.059105
0 0.756303 0.528754 0.052821 0.063898
0 0.667467 0.594249 0.021609 0.025559
0 0.670468 0.651757 0.027611 0.038339
0 0.183673 0.236422 0.036014 0.047923
0 0.210084 0.167732 0.028812 0.038339
0 0.153061 0.085463 0.032413 0.036741
0 0.067227 0.087859 0.028812 0.054313
0 0.329532 0.988818 0.034814 0.022364
0 0.177671 0.810703 0.033613 0.039936
0 0.427971 0.082268 0.022809 0.043131
0 0.640456 0.440096 0.030012 0.033546
0 0.948980 0.119010 0.025210 0.046326
0 0.862545 0.128594 0.030012 0.033546
0 0.767707 0.109425 0.042017 0.043131
0 0.981393 0.702875 0.030012 0.073482
0 0.492197 0.759585 0.033613 0.049521
0 0.528812 0.782748 0.039616 0.057508
0 0.451981 0.264377 0.030012 0.043131
0 0.575630 0.809904 0.042017 0.044728
0 0.556423 0.319489 0.034814 0.038339
0 0.651861 0.359425 0.024010 0.041534
0 0.677671 0.048722 0.025210 0.036741
0 0.405762 0.519968 0.033613 0.049521
0 0.495198 0.527157 0.027611 0.031949
0 0.506002 0.909744 0.037215 0.036741
0 0.850540 0.640575 0.027611 0.038339
0 0.468788 0.201278 0.034814 0.051118
