0 0.905162 0.524760 0.038415 0.059105
0 0.144058 0.345048 0.048019 0.057508
0 0.154262 0.404952 0.034814 0.046326
0 0.309124 0.530351 0.063625 0.092652
0 0.422569 0.150160 0.055222 0.070288
0 0.722089 0.133387 0.051621 0.062300
0 0.786315 0.077476 0.084034 0.094249
0 0.289916 0.111821 0.037215 0.047923
0 0.424370 0.525559 0.032413 0.041534
0 0.854142 0.720447 0.054022 0.095847
0 0.902761 0.757987 0.038415 0.052716
0 0.624850 0.616613 0.042017 0.060703
0 0.621248 0.741214 0.039616 0.038339
0 0.699880 0.791534 0.024010 0.036741
0 0.597239 0.849840 0.025210 0.047923
0 0.588836 0.933706 0.037215 0.043131
0 0.930372 0.865016 0.033613 0.039936
0 0.900960 0.655751 0.030012 0.033546
0 0.920168 0.167732 0.037215 0.051118
0 0.154262 0.817891 0.049220 0.073482
0 0.339136 0.939297 0.039616 0.051118
0 0.950780 0.132588 0.028812 0.041534
0 0.161465 0.206070 0.058824 0.047923
0 0.346339 0.051917 0.030012 0.036741
0 0.530012 0.096645 0.058824 0.055911
0 0.627251 0.022364 0.025210 0.035144
0 0.716086 0.075080 0.044418 0.051118
0 0.891357 0.802716 0.027611 0.043131
0 0.351741 0.722843 0.019208 0.033546
0 0.094838 0.916134 0.024010 0.023962
0 0.584634 0.138978 0.024010 0.038339
0 0.153061 0.257987 0.025210 0.033546
0 0.081633 0.675719 0.036014 0.041534
0 0.114046 0.645367 0.031212 0.044728
0 0.119448 0.701278 0.030012 0.047923
0 0.582233 0.276358 0.028812 0.035144
0 0.536615 0.266773 0.036014 0.047923
0 0.242497 0.478435 0.031212 0.049521
0 0.222089 0.302716 0.033613 0.036741
0 0.273709 0.041534 0.038415 0.041534
0 0.230492 0.051917 0.026411 0.036741
0 0.784514 0.616613 0.022809 0.028754
0 0.549820 0.983227 0.026411 0.033546
0 0.015606 0.611821 0.028812 0.051118
0 0.618848 0.809105 0.022809 0.027157
0 0.119448 0.956869 0.030012 0.035144
0 0.506603 0.971246 0.031212 0.035144
0 0.891357 0.855431 0.020408 0.033546
0 0.938776 0.573482 0.028812 0.041534
0 0.887155 0.575080 0.021609 0.041534
0 0.846339 0.598243 0.026411 0.046326
0 0.942977 0.633387 0.020408 0.043131
0 0.854742 0.046326 0.024010 0.035144
0 0.921369 0.337859 0.018007 0.030351
0 0.277911 0.466454 0.034814 0.031949
0 0.527011 0.432907 0.026411 0.028754
0 0.530012 0.393770 0.027611 0.039936
0 0.544418 0.350639 0.022809 0.030351
0 0.719688 0.261182 0.015606 0.033546
0 0.077431 0.405751 0.027611 0.031949
0 0.177671 0.146965 0.024010 0.028754
0 0.486194 0.395367 0.031212 0.030351
0 0.088235 0.264377 0.039616 0.043131
0 0.058824 0.488019 0.021609 0.043131
0 0.666267 0.134185 0.014406 0.028754
0 0.418367 0.799521 0.018007 0.027157
0 0.809124 0.809904 0.021609 0.035144
0 0.464586 0.567093 0.021609 0.031949
0 0.029412 0.775559 0.025210 0.027157
0 0.141056 0.727636 0.018007 0.027157
0 0.318727 0.206070 0.034814 0.041534
0 0.774310 0.412141 0.028812 0.041534
0 0.621248 0.272364 0.032413 0.046326
0 0.259904 0.919329 0.020408 0.023962
0 0.234094 0.894569 0.024010 0.028754
0 0.013205 0.951278 0.024010 0.027157
0 0.977191 0.695687 0.019208 0.023962
0 0.980792 0.507188 0.021609 0.023962
