0 0.113445 0.826677 0.099640 0.129393
0 0.252101 0.182109 0.052821 0.076677
0 0.105642 0.208466 0.060024 0.068690
0 0.072029 0.326677 0.045618 0.075080
0 0.584634 0.437700 0.050420 0.079872
0 0.869748 0.314696 0.080432 0.099042
0 0.870948 0.076677 0.034814 0.070288
0 0.906963 0.083067 0.032413 0.079872
0 0.947179 0.951278 0.072029 0.097444
1 0.656663 0.076677 0.045618 0.067093
1 0.592437 0.143770 0.054022 0.073482
1 0.433974 0.098243 0.044418 0.071885
1 0.282713 0.067891 0.039616 0.033546
1 0.375150 0.146166 0.037215 0.055911
1 0.175270 0.496805 0.043217 0.054313
1 0.139856 0.651757 0.044418 0.070288
1 0.191477 0.952875 0.046819 0.078275
1 0.653661 0.706869 0.058824 0.062300
1 0.618848 0.860224 0.056423 0.068690
1 0.353541 0.922524 0.046819 0.062300
0 0.776711 0.404952 0.038415 0.081470
0 0.314526 0.756390 0.055222 0.078275
0 0.250300 0.739617 0.042017 0.051118
0 0.813325 0.240415 0.039616 0.059105
0 0.722689 0.202077 0.043217 0.055911
1 0.403361 0.327476 0.028812 0.041534
1 0.431573 0.361821 0.042017 0.046326
1 0.509004 0.256390 0.040816 0.065495
