0 0.120048 0.164537 0.084034 0.099042
0 0.205282 0.043930 0.062425 0.043131
0 0.521609 0.079073 0.032413 0.043131
0 0.213685 0.214058 0.045618 0.067093
0 0.166867 0.242812 0.050420 0.063898
0 0.648259 0.205272 0.052821 0.081470
0 0.484994 0.384984 0.050420 0.054313
0 0.461585 0.843450 0.068427 0.073482
1 0.937575 0.325080 0.072029 0.084665
1 0.846939 0.444089 0.056423 0.079872
0 0.832533 0.262780 0.066026 0.110224
1 0.938776 0.240415 0.048019 0.065495
1 0.675270 0.499201 0.066026 0.094249
1 0.612245 0.841054 0.050420 0.075080
1 0.453181 0.669329 0.056423 0.054313
1 0.497599 0.619808 0.037215 0.073482
1 0.271909 0.466454 0.063625 0.067093
1 0.307923 0.363419 0.042017 0.055911
1 0.150060 0.940895 0.062425 0.051118
1 0.806122 0.640575 0.039616 0.057508
1 0.857743 0.539936 0.034814 0.038339
0 0.776110 0.483227 0.027611 0.039936
0 0.846339 0.100639 0.036014 0.057508
0 0.584034 0.396166 0.044418 0.051118
0 0.656062 0.277157 0.042017 0.043131
1 0.598439 0.593450 0.034814 0.036741
1 0.587035 0.529553 0.060024 0.071885
1 0.654862 0.963259 0.032413 0.057508
1 0.060624 0.768371 0.066026 0.102236
0 0.156062 0.676518 0.050420 0.052716
1 0.192677 0.551917 0.039616 0.043131
0 0.187275 0.507987 0.045618 0.063898
0 0.318127 0.278754 0.048019 0.055911
1 0.701080 0.076677 0.088836 0.092652
