1 0.876951 0.084665 0.078031 0.089457
1 0.720888 0.297125 0.051621 0.057508
1 0.666267 0.306709 0.038415 0.047923
1 0.690876 0.189297 0.039616 0.055911
1 0.632653 0.179712 0.045618 0.049521
1 0.570228 0.179712 0.079232 0.078275
1 0.477791 0.074281 0.028812 0.043131
1 0.124250 0.276358 0.061224 0.083067
1 0.085234 0.183706 0.026411 0.047923
1 0.123049 0.190096 0.037215 0.051118
1 0.152461 0.170927 0.038415 0.044728
1 0.089436 0.119010 0.039616 0.039936
1 0.082233 0.418530 0.049220 0.060703
1 0.081032 0.516773 0.042017 0.052716
1 0.117647 0.638978 0.052821 0.063898
1 0.114046 0.761981 0.050420 0.079872
1 0.230492 0.785942 0.060024 0.076677
1 0.295318 0.470447 0.048019 0.052716
1 0.351140 0.591054 0.046819 0.057508
1 0.365546 0.671725 0.037215 0.049521
1 0.352341 0.722843 0.039616 0.052716
1 0.443577 0.768371 0.058824 0.070288
1 0.458583 0.726038 0.019208 0.027157
1 0.462185 0.622204 0.052821 0.059105
1 0.405162 0.574281 0.037215 0.039936
1 0.181273 0.322684 0.038415 0.038339
1 0.189676 0.267572 0.028812 0.043131
1 0.012605 0.071885 0.022809 0.051118
1 0.036014 0.035144 0.038415 0.051118
1 0.072029 0.023962 0.031212 0.031949
1 0.194478 0.015176 0.060024 0.027157
1 0.657863 0.087859 0.038415 0.047923
1 0.712485 0.107029 0.032413 0.051118
1 0.693277 0.127796 0.032413 0.047923
1 0.959184 0.210064 0.038415 0.055911
1 0.971188 0.171725 0.028812 0.049521
1 0.933974 0.731629 0.052821 0.067093
1 0.893758 0.746006 0.032413 0.041534
1 0.867947 0.876997 0.038415 0.044728
1 0.799520 0.647764 0.031212 0.055911
1 0.744898 0.642971 0.046819 0.059105
1 0.835534 0.948882 0.036014 0.047923
1 0.863145 0.952875 0.038415 0.036741
0 0.660864 0.563099 0.130852 0.145367
0 0.593637 0.485623 0.046819 0.063898
0 0.522809 0.400160 0.044418 0.068690
0 0.581633 0.735623 0.049220 0.055911
0 0.663866 0.781949 0.069628 0.059105
0 0.606843 0.829073 0.037215 0.041534
0 0.749700 0.579872 0.042017 0.063898
0 0.804322 0.545527 0.036014 0.055911
0 0.759304 0.491214 0.032413 0.036741
0 0.738896 0.464856 0.027611 0.054313
0 0.705282 0.453674 0.030012 0.051118
0 0.688475 0.396965 0.032413 0.043131
0 0.624250 0.654952 0.031212 0.047923
0 0.645258 0.679712 0.032413 0.049521
0 0.732893 0.862620 0.027611 0.038339
0 0.755102 0.980032 0.036014 0.036741
0 0.216086 0.942492 0.055222 0.063898
0 0.172869 0.925719 0.021609 0.030351
0 0.079232 0.935304 0.028812 0.043131
0 0.049220 0.939297 0.026411 0.031949
0 0.067827 0.349840 0.030012 0.025559
0 0.024610 0.117412 0.037215 0.052716
0 0.054022 0.086262 0.031212 0.041534
0 0.411164 0.085463 0.034814 0.036741
0 0.795318 0.246805 0.044418 0.049521
0 0.838535 0.272364 0.051621 0.059105
0 0.893758 0.182907 0.037215 0.052716
0 0.820528 0.094249 0.022809 0.028754
0 0.855342 0.144569 0.020408 0.030351
0 0.935174 0.307508 0.043217 0.059105
0 0.958583 0.517572 0.082833 0.335463
0 0.978391 0.806709 0.043217 0.169329
0 0.984394 0.908147 0.031212 0.030351
0 0.982593 0.953674 0.020408 0.035144
0 0.502401 0.821885 0.034814 0.049521
0 0.509604 0.762780 0.020408 0.030351
0 0.416567 0.418530 0.026411 0.038339
0 0.337335 0.378594 0.016807 0.025559
0 0.253301 0.146965 0.024010 0.041534
0 0.446579 0.078275 0.019208 0.025559
0 0.618247 0.135783 0.028812 0.041534
1 0.868547 0.556709 0.042017 0.049521
1 0.831933 0.697284 0.043217 0.062300
1 0.917167 0.610224 0.031212 0.054313
