0 0.846339 0.595847 0.060024 0.108626
0 0.886555 0.603834 0.032413 0.038339
0 0.902761 0.695687 0.064826 0.075080
0 0.959184 0.158147 0.050420 0.060703
0 0.866747 0.091054 0.060024 0.076677
0 0.940576 0.030351 0.046819 0.057508
0 0.750900 0.072684 0.027611 0.036741
0 0.741297 0.130990 0.030012 0.035144
0 0.681873 0.023163 0.026411 0.030351
0 0.675270 0.064696 0.030012 0.036741
0 0.688475 0.138978 0.027611 0.041534
0 0.644058 0.014377 0.027611 0.025559
0 0.262905 0.049521 0.019208 0.035144
0 0.235894 0.150160 0.027611 0.041534
0 0.501200 0.691693 0.068427 0.105431
0 0.328331 0.483227 0.056423 0.068690
0 0.024610 0.152556 0.044418 0.062300
0 0.175870 0.931310 0.186074 0.137380
1 0.245498 0.481629 0.037215 0.065495
1 0.144058 0.500000 0.045618 0.063898
1 0.809124 0.710064 0.031212 0.059105
1 0.796519 0.793131 0.037215 0.046326
1 0.774910 0.828275 0.032413 0.049521
1 0.778511 0.876997 0.044418 0.041534
1 0.301921 0.813099 0.037215 0.047923
0 0.301321 0.772364 0.026411 0.039936
1 0.132053 0.138179 0.028812 0.039936
1 0.147659 0.072684 0.019208 0.030351
1 0.173469 0.107029 0.027611 0.051118
1 0.123049 0.329073 0.030012 0.051118
1 0.084634 0.276358 0.032413 0.035144
1 0.066627 0.402556 0.034814 0.047923
1 0.123049 0.627796 0.034814 0.047923
1 0.168667 0.607029 0.025210 0.038339
0 0.980192 0.975240 0.032413 0.043131
0 0.887755 0.917732 0.039616 0.049521
0 0.837335 0.901757 0.025210 0.036741
0 0.620048 0.230032 0.032413 0.044728
1 0.472989 0.575080 0.033613 0.044728
