0 0.417167 0.707668 0.097239 0.115016
1 0.734094 0.849840 0.054022 0.083067
1 0.527611 0.918530 0.054022 0.070288
1 0.881753 0.035942 0.104442 0.068690
1 0.427971 0.199681 0.051621 0.089457
1 0.246699 0.228435 0.046819 0.057508
1 0.607443 0.095847 0.045618 0.054313
0 0.206483 0.076677 0.064826 0.057508
0 0.075630 0.325080 0.086435 0.116613
0 0.132053 0.054313 0.052821 0.076677
1 0.039016 0.107029 0.046819 0.054313
1 0.075030 0.028754 0.061224 0.051118
1 0.054622 0.581470 0.087635 0.134185
1 0.261705 0.409744 0.040816 0.055911
1 0.960984 0.263578 0.068427 0.086262
1 0.114646 0.758786 0.042017 0.054313
1 0.412365 0.447284 0.056423 0.108626
1 0.298319 0.585463 0.037215 0.049521
1 0.117047 0.556709 0.032413 0.049521
1 0.059424 0.792332 0.030012 0.054313
1 0.811525 0.861821 0.033613 0.046326
1 0.341537 0.084665 0.030012 0.051118
1 0.170468 0.202077 0.031212 0.049521
1 0.549820 0.064696 0.028812 0.049521
1 0.939376 0.634185 0.054022 0.057508
1 0.731693 0.525559 0.022809 0.028754
1 0.882353 0.346645 0.028812 0.035144
