0 0.486194 0.556709 0.055222 0.071885
0 0.434574 0.761182 0.057623 0.059105
0 0.545018 0.743610 0.064826 0.087859
0 0.781513 0.952875 0.084034 0.094249
1 0.905762 0.706070 0.037215 0.060703
1 0.866146 0.764377 0.027611 0.049521
1 0.917767 0.901757 0.039616 0.078275
1 0.575030 0.636581 0.016807 0.027157
1 0.625450 0.658147 0.033613 0.051118
1 0.663866 0.676518 0.021609 0.039936
1 0.174670 0.539936 0.039616 0.105431
1 0.209484 0.406550 0.051621 0.068690
1 0.217287 0.150958 0.036014 0.046326
1 0.049820 0.210064 0.044418 0.084665
1 0.421369 0.185304 0.045618 0.057508
1 0.329532 0.222045 0.037215 0.054313
1 0.563025 0.130990 0.038415 0.054313
1 0.173469 0.301917 0.042017 0.070288
1 0.768908 0.602236 0.032413 0.051118
0 0.228691 0.878594 0.049220 0.060703
1 0.492197 0.869808 0.060024 0.068690
1 0.621248 0.496805 0.049220 0.070288
1 0.737095 0.802716 0.048019 0.084665
0 0.846339 0.670927 0.048019 0.051118
0 0.968187 0.659744 0.039616 0.054313
1 0.367347 0.302716 0.036014 0.049521
1 0.470588 0.400160 0.033613 0.062300
1 0.433974 0.514377 0.027611 0.035144
1 0.167467 0.750000 0.032413 0.068690
1 0.085834 0.735623 0.025210 0.049521
0 0.756303 0.081470 0.028812 0.044728
1 0.064226 0.039936 0.032413 0.031949
1 0.797719 0.343450 0.032413 0.044728
