0 0.099640 0.948083 0.067227 0.087859
0 0.542017 0.615815 0.037215 0.055911
0 0.663265 0.633387 0.027611 0.036741
0 0.860744 0.900160 0.057623 0.078275
0 0.389556 0.132588 0.066026 0.099042
0 0.656663 0.371406 0.026411 0.039936
0 0.792917 0.839457 0.039616 0.055911
0 0.763505 0.432109 0.033613 0.055911
0 0.766507 0.682109 0.042017 0.057508
0 0.517407 0.980032 0.031212 0.039936
0 0.575630 0.719649 0.025210 0.033546
0 0.319928 0.872204 0.030012 0.038339
0 0.674670 0.798722 0.031212 0.041534
0 0.477791 0.057508 0.036014 0.047923
0 0.420768 0.530351 0.042017 0.051118
0 0.693277 0.525559 0.039616 0.060703
0 0.084034 0.837061 0.038415 0.044728
0 0.576831 0.587061 0.039616 0.049521
