1 0.455582 0.595847 0.097239 0.127796
1 0.673469 0.547125 0.031212 0.046326
1 0.775510 0.604633 0.045618 0.055911
1 0.876351 0.612620 0.050420 0.052716
1 0.894958 0.540735 0.051621 0.049521
1 0.955582 0.495208 0.040816 0.044728
1 0.827131 0.441693 0.038415 0.055911
1 0.774310 0.430511 0.040816 0.043131
1 0.220888 0.229233 0.076831 0.065495
1 0.602041 0.130192 0.075630 0.078275
1 0.197479 0.846645 0.044418 0.047923
1 0.143457 0.497604 0.034814 0.043131
1 0.151261 0.560703 0.052821 0.044728
1 0.286315 0.446486 0.061224 0.059105
1 0.389556 0.445687 0.037215 0.047923
1 0.472989 0.397764 0.045618 0.038339
1 0.495198 0.448083 0.032413 0.046326
1 0.699880 0.420128 0.031212 0.060703
1 0.753902 0.682109 0.048019 0.051118
1 0.818727 0.775559 0.048019 0.065495
0 0.966387 0.155751 0.040816 0.052716
0 0.977191 0.200479 0.028812 0.039936
0 0.881152 0.288339 0.040816 0.052716
0 0.885354 0.204473 0.027611 0.047923
0 0.896759 0.037540 0.055222 0.071885
0 0.724490 0.074281 0.039616 0.043131
0 0.723890 0.134185 0.038415 0.044728
0 0.733493 0.250000 0.048019 0.062300
0 0.801921 0.869808 0.028812 0.039936
0 0.864346 0.892971 0.271309 0.214058
0 0.109844 0.289936 0.049220 0.055911
0 0.045018 0.389776 0.027611 0.028754
0 0.024010 0.537540 0.031212 0.049521
0 0.031813 0.705272 0.032413 0.036741
0 0.042617 0.902556 0.037215 0.044728
0 0.282713 0.836262 0.042017 0.052716
0 0.233493 0.889776 0.034814 0.041534
0 0.340936 0.974441 0.036014 0.047923
0 0.414166 0.754792 0.028812 0.043131
0 0.368547 0.310703 0.038415 0.055911
0 0.370348 0.202077 0.042017 0.055911
0 0.571429 0.327476 0.033613 0.047923
0 0.633253 0.380192 0.085234 0.143770
1 0.513806 0.047125 0.040816 0.046326
1 0.151861 0.035144 0.042017 0.035144
1 0.328331 0.109425 0.042017 0.049521
1 0.066627 0.165335 0.034814 0.033546
1 0.035414 0.207668 0.039616 0.041534
1 0.027611 0.280351 0.052821 0.097444
0 0.024010 0.773163 0.045618 0.076677
