0 0.397359 0.217252 0.067227 0.070288
0 0.492797 0.310703 0.073229 0.091054
0 0.454982 0.255591 0.043217 0.041534
0 0.481993 0.256390 0.015606 0.030351
0 0.394358 0.697284 0.068427 0.091054
0 0.341537 0.742812 0.039616 0.054313
0 0.377551 0.813898 0.042017 0.036741
0 0.374550 0.878594 0.033613 0.035144
0 0.383553 0.924920 0.030012 0.041534
0 0.420168 0.938498 0.040816 0.046326
0 0.482593 0.921725 0.033613 0.047923
0 0.558824 0.977636 0.046819 0.044728
0 0.658463 0.977636 0.046819 0.044728
0 0.765906 0.914537 0.067227 0.100639
0 0.891357 0.861821 0.037215 0.049521
0 0.812125 0.912939 0.025210 0.033546
0 0.877551 0.246006 0.060024 0.089457
0 0.790516 0.280351 0.049220 0.075080
0 0.590636 0.120607 0.093637 0.103834
0 0.063025 0.577476 0.066026 0.081470
0 0.137455 0.470447 0.034814 0.046326
0 0.954982 0.177316 0.090036 0.130990
0 0.851741 0.086262 0.042017 0.051118
0 0.463385 0.092652 0.038415 0.038339
0 0.426771 0.130192 0.039616 0.059105
0 0.360144 0.061502 0.052821 0.071885
0 0.340936 0.023962 0.040816 0.041534
0 0.189076 0.591853 0.054022 0.052716
0 0.450180 0.483227 0.057623 0.078275
0 0.426170 0.388978 0.295318 0.397764
1 0.725090 0.157348 0.040816 0.062300
1 0.763505 0.201278 0.019208 0.038339
1 0.763505 0.420128 0.036014 0.044728
1 0.658463 0.448083 0.051621 0.039936
1 0.696879 0.337061 0.042017 0.041534
1 0.908764 0.511981 0.033613 0.046326
1 0.860144 0.580671 0.049220 0.071885
1 0.734694 0.692492 0.045618 0.062300
1 0.686074 0.860224 0.073229 0.081470
1 0.938776 0.675719 0.038415 0.057508
1 0.961585 0.619808 0.043217 0.060703
1 0.976591 0.503195 0.042017 0.063898
1 0.981993 0.428914 0.036014 0.055911
1 0.983193 0.057508 0.033613 0.063898
1 0.227491 0.119010 0.042017 0.052716
1 0.039616 0.094249 0.028812 0.051118
1 0.199880 0.016773 0.030012 0.030351
1 0.314526 0.071086 0.043217 0.033546
1 0.485594 0.019169 0.056423 0.035144
1 0.062425 0.434505 0.048019 0.067093
1 0.040216 0.293131 0.049220 0.055911
1 0.085234 0.280351 0.028812 0.046326
1 0.136855 0.328275 0.033613 0.039936
1 0.156663 0.843450 0.058824 0.099042
1 0.156663 0.794728 0.032413 0.046326
1 0.193277 0.729233 0.048019 0.055911
1 0.122449 0.914537 0.028812 0.043131
1 0.590636 0.844249 0.043217 0.046326
1 0.501200 0.690096 0.042017 0.038339
1 0.540816 0.626997 0.022809 0.039936
1 0.611044 0.587061 0.033613 0.039936
1 0.940576 0.883387 0.032413 0.035144
1 0.933373 0.921725 0.034814 0.035144
1 0.986194 0.890575 0.027611 0.071885
