0 0.056423 0.502396 0.048019 0.059105
0 0.011405 0.615016 0.020408 0.047923
0 0.019808 0.565495 0.037215 0.035144
0 0.403361 0.794728 0.081633 0.110224
0 0.304922 0.773163 0.043217 0.060703
0 0.381152 0.599840 0.042017 0.033546
0 0.463986 0.454473 0.042017 0.059105
0 0.431573 0.404952 0.037215 0.039936
0 0.370948 0.266773 0.055222 0.070288
0 0.291116 0.162141 0.063625 0.071885
0 0.394358 0.085463 0.061224 0.059105
0 0.956182 0.221246 0.058824 0.091054
0 0.179472 0.763578 0.058824 0.070288
0 0.286915 0.581470 0.055222 0.063898
0 0.225690 0.879393 0.038415 0.039936
0 0.586435 0.843450 0.054022 0.083067
0 0.660864 0.750000 0.049220 0.071885
0 0.682473 0.550319 0.037215 0.043131
0 0.759304 0.325879 0.046819 0.057508
0 0.761104 0.382588 0.040816 0.052716
0 0.814526 0.297923 0.032413 0.052716
0 0.810924 0.178115 0.034814 0.049521
0 0.745498 0.068690 0.036014 0.044728
0 0.906963 0.887380 0.051621 0.055911
0 0.911164 0.765974 0.026411 0.036741
0 0.764706 0.651757 0.045618 0.051118
0 0.601441 0.511182 0.052821 0.054313
0 0.596038 0.296326 0.030012 0.055911
0 0.513806 0.083866 0.033613 0.062300
0 0.417767 0.023962 0.031212 0.038339
0 0.180672 0.088658 0.042017 0.049521
0 0.031813 0.141374 0.037215 0.046326
0 0.111044 0.359425 0.034814 0.047923
0 0.465786 0.881789 0.033613 0.047923
0 0.558223 0.602236 0.038415 0.057508
0 0.669868 0.301118 0.021609 0.036741
0 0.742497 0.263578 0.044418 0.025559
0 0.773109 0.973642 0.043217 0.052716
0 0.707083 0.820288 0.036014 0.043131
0 0.635654 0.810703 0.027611 0.036741
0 0.501200 0.772364 0.025210 0.030351
0 0.501801 0.869010 0.033613 0.035144
0 0.554622 0.679712 0.026411 0.052716
0 0.506603 0.649361 0.031212 0.039936
0 0.430372 0.710064 0.039616 0.049521
0 0.347539 0.805911 0.027611 0.043131
0 0.242497 0.797923 0.031212 0.046326
0 0.193277 0.505591 0.021609 0.030351
0 0.276711 0.459265 0.025210 0.033546
0 0.317527 0.468850 0.039616 0.023962
0 0.309724 0.511182 0.033613 0.031949
0 0.367347 0.559105 0.036014 0.031949
0 0.403361 0.499201 0.021609 0.027157
0 0.385354 0.349042 0.031212 0.043131
0 0.735894 0.475240 0.019208 0.023962
0 0.867947 0.633387 0.024010 0.046326
0 0.106843 0.889776 0.021609 0.028754
0 0.143457 0.764377 0.018007 0.030351
0 0.926170 0.309105 0.037215 0.046326
0 0.776711 0.171725 0.036014 0.039936
0 0.707683 0.223642 0.020408 0.038339
0 0.502401 0.259585 0.027611 0.039936
0 0.472389 0.277955 0.032413 0.054313
0 0.586435 0.242013 0.027611 0.030351
0 0.622449 0.023163 0.032413 0.036741
0 0.972389 0.528754 0.028812 0.044728
0 0.894358 0.817891 0.026411 0.038339
0 0.868547 0.830671 0.034814 0.035144
0 0.947779 0.867412 0.037215 0.041534
0 0.914166 0.966454 0.034814 0.051118
0 0.981393 0.964856 0.030012 0.044728
0 0.575630 0.899361 0.027611 0.041534
0 0.560624 0.539936 0.033613 0.031949
0 0.530012 0.519169 0.022809 0.025559
0 0.525810 0.583067 0.031212 0.035144
0 0.568427 0.355431 0.022809 0.033546
0 0.554622 0.318690 0.028812 0.046326
0 0.535414 0.380192 0.021609 0.038339
0 0.331933 0.294728 0.022809 0.046326
0 0.295918 0.313099 0.027611 0.028754
0 0.071429 0.364217 0.034814 0.044728
0 0.250300 0.407348 0.020408 0.025559
0 0.191477 0.678914 0.037215 0.054313
0 0.384154 0.657348 0.028812 0.043131
0 0.511405 0.696486 0.031212 0.047923
0 0.478391 0.733227 0.025210 0.028754
0 0.672269 0.265176 0.021609 0.025559
0 0.647659 0.271565 0.020408 0.038339
0 0.722689 0.023962 0.028812 0.041534
0 0.748499 0.589457 0.025210 0.041534
0 0.788115 0.515974 0.054022 0.079872
0 0.184874 0.405751 0.024010 0.038339
0 0.612245 0.551118 0.038415 0.041534
0 0.831933 0.626997 0.031212 0.039936
0 0.701681 0.358626 0.032413 0.033546
0 0.166867 0.613419 0.021609 0.038339
0 0.114646 0.730032 0.032413 0.035144
0 0.512605 0.364217 0.016807 0.038339
0 0.499400 0.388179 0.021609 0.031949
0 0.292917 0.288339 0.026411 0.017572
0 0.358343 0.023962 0.034814 0.035144
0 0.226291 0.504792 0.022809 0.044728
0 0.171068 0.507987 0.030012 0.041534
