0 0.330732 0.535942 0.070828 0.078275
0 0.271309 0.765974 0.062425 0.087859
0 0.133854 0.813898 0.027611 0.043131
0 0.710084 0.042332 0.058824 0.081470
0 0.801921 0.036741 0.062425 0.067093
0 0.600840 0.261182 0.046819 0.052716
0 0.768307 0.095048 0.064826 0.071885
0 0.427971 0.183706 0.054022 0.063898
0 0.278511 0.383387 0.072029 0.067093
0 0.067227 0.592652 0.045618 0.041534
0 0.128451 0.657348 0.038415 0.036741
0 0.023409 0.812300 0.032413 0.055911
0 0.493998 0.868211 0.068427 0.075080
0 0.586435 0.563099 0.097239 0.094249
0 0.517407 0.492812 0.050420 0.049521
0 0.565426 0.388978 0.048019 0.055911
0 0.531813 0.317093 0.036014 0.039936
0 0.869748 0.408147 0.063625 0.091054
0 0.974190 0.501597 0.046819 0.057508
0 0.977191 0.423323 0.043217 0.041534
0 0.908163 0.156550 0.080432 0.105431
0 0.891357 0.039137 0.070828 0.075080
0 0.371549 0.119808 0.066026 0.057508
0 0.351140 0.050319 0.051621 0.043131
0 0.104442 0.269968 0.057623 0.047923
0 0.136855 0.454473 0.024010 0.033546
0 0.181873 0.737220 0.039616 0.052716
0 0.244298 0.963259 0.042017 0.038339
0 0.098439 0.472045 0.036014 0.036741
0 0.575030 0.827476 0.060024 0.099042
0 0.511405 0.616613 0.043217 0.057508
0 0.745498 0.476837 0.036014 0.055911
0 0.777911 0.472843 0.040816 0.044728
0 0.807323 0.541534 0.104442 0.121406
0 0.785714 0.611821 0.030012 0.047923
0 0.749100 0.337859 0.038415 0.049521
0 0.945378 0.607827 0.034814 0.039936
0 0.899160 0.786741 0.033613 0.036741
0 0.941777 0.675719 0.025210 0.035144
0 0.891957 0.698882 0.038415 0.036741
0 0.962185 0.909744 0.032413 0.046326
0 0.866146 0.892971 0.025210 0.038339
0 0.834334 0.884984 0.028812 0.022364
0 0.844538 0.923323 0.030012 0.054313
0 0.819928 0.940096 0.036014 0.059105
0 0.750900 0.954473 0.039616 0.052716
0 0.696279 0.960064 0.031212 0.060703
0 0.602641 0.988019 0.033613 0.023962
0 0.537215 0.969649 0.032413 0.038339
0 0.483794 0.924920 0.036014 0.025559
0 0.465186 0.984824 0.039616 0.030351
0 0.882353 0.488019 0.040816 0.052716
0 0.856543 0.518371 0.037215 0.039936
0 0.525810 0.234824 0.040816 0.044728
0 0.327731 0.328275 0.048019 0.052716
0 0.209484 0.171725 0.027611 0.030351
0 0.697479 0.211661 0.024010 0.043131
0 0.744898 0.752396 0.034814 0.057508
0 0.268307 0.642173 0.037215 0.031949
0 0.959184 0.249201 0.031212 0.035144
0 0.971188 0.174920 0.028812 0.036741
0 0.386555 0.682109 0.045618 0.047923
0 0.256903 0.556709 0.031212 0.036741
0 0.210684 0.535942 0.025210 0.039936
0 0.736495 0.615016 0.022809 0.035144
0 0.244898 0.713259 0.024010 0.039936
0 0.126651 0.865815 0.032413 0.038339
0 0.669268 0.855431 0.027611 0.030351
0 0.794118 0.791534 0.037215 0.039936
0 0.810324 0.856230 0.028812 0.035144
0 0.885354 0.839457 0.025210 0.030351
0 0.951981 0.822684 0.021609 0.041534
0 0.594838 0.089457 0.027611 0.041534
0 0.318127 0.014377 0.038415 0.025559
0 0.529412 0.089457 0.021609 0.035144
0 0.551020 0.032748 0.031212 0.030351
0 0.687275 0.107827 0.018007 0.046326
