0 0.076831 0.611022 0.069628 0.103834
0 0.794118 0.771565 0.054022 0.102236
1 0.747299 0.560703 0.054022 0.047923
0 0.669268 0.337859 0.044418 0.046326
0 0.515606 0.497604 0.039616 0.052716
0 0.166867 0.506390 0.050420 0.057508
1 0.184874 0.409744 0.048019 0.062300
1 0.381753 0.886581 0.043217 0.051118
1 0.619448 0.790735 0.033613 0.057508
1 0.961585 0.104633 0.076831 0.068690
1 0.146459 0.042332 0.062425 0.049521
0 0.833133 0.328275 0.074430 0.087859
0 0.404562 0.650958 0.048019 0.059105
0 0.373950 0.827476 0.046819 0.057508
0 0.849940 0.687700 0.043217 0.075080
0 0.635654 0.158946 0.025210 0.036741
1 0.379352 0.360224 0.050420 0.065495
0 0.018607 0.602236 0.032413 0.051118
0 0.018607 0.670927 0.027611 0.054313
0 0.470588 0.902556 0.050420 0.073482
1 0.051621 0.859425 0.038415 0.054313
1 0.076230 0.789137 0.066026 0.067093
1 0.802521 0.925719 0.066026 0.068690
0 0.709484 0.250799 0.033613 0.063898
0 0.572629 0.492013 0.036014 0.054313
0 0.876951 0.591054 0.061224 0.063898
1 0.427371 0.042332 0.036014 0.043131
0 0.262305 0.554313 0.025210 0.067093
0 0.045618 0.369808 0.036014 0.052716
0 0.686675 0.773163 0.043217 0.060703
0 0.506603 0.619010 0.076831 0.087859
0 0.654262 0.616613 0.045618 0.047923
0 0.327131 0.222045 0.044418 0.054313
0 0.229292 0.255591 0.052821 0.047923
0 0.114646 0.119010 0.042017 0.046326
1 0.583433 0.142971 0.036014 0.049521
1 0.351140 0.454473 0.058824 0.052716
0 0.427371 0.438498 0.050420 0.065495
1 0.573229 0.583866 0.051621 0.075080
0 0.137455 0.641374 0.054022 0.078275
0 0.145258 0.563898 0.072029 0.057508
0 0.196279 0.567891 0.054022 0.068690
0 0.497599 0.285144 0.039616 0.052716
1 0.404562 0.218850 0.045618 0.044728
