0 0.243697 0.350639 0.069628 0.129393
0 0.816927 0.633387 0.138055 0.202875
0 0.513205 0.684505 0.157263 0.161342
0 0.795318 0.867412 0.046819 0.086262
0 0.231092 0.944089 0.046819 0.060703
0 0.311525 0.884185 0.039616 0.036741
0 0.146459 0.873003 0.038415 0.071885
0 0.186675 0.834665 0.025210 0.039936
0 0.158463 0.650160 0.038415 0.057508
0 0.043217 0.278754 0.031212 0.052716
0 0.067827 0.767572 0.037215 0.039936
0 0.641056 0.939297 0.055222 0.073482
0 0.440576 0.920927 0.048019 0.062300
0 0.447179 0.558307 0.025210 0.052716
0 0.485594 0.520767 0.025210 0.044728
0 0.594238 0.420927 0.038415 0.052716
0 0.153661 0.019169 0.045618 0.031949
0 0.354742 0.563099 0.030012 0.039936
0 0.671669 0.675719 0.027611 0.063898
0 0.911765 0.413738 0.044418 0.070288
0 0.861345 0.380192 0.032413 0.051118
0 0.570828 0.265974 0.034814 0.068690
0 0.665666 0.405751 0.037215 0.051118
0 0.696279 0.853035 0.033613 0.057508
0 0.717287 0.883387 0.032413 0.047923
0 0.656663 0.573482 0.031212 0.044728
0 0.382953 0.669329 0.033613 0.060703
0 0.495198 0.883387 0.030012 0.035144
0 0.462785 0.782748 0.027611 0.047923
0 0.866146 0.082268 0.025210 0.046326
0 0.096038 0.069489 0.060024 0.075080
0 0.063025 0.021565 0.039616 0.039936
0 0.980792 0.189297 0.038415 0.100639
0 0.735294 0.707668 0.027611 0.047923
0 0.802521 0.511182 0.032413 0.028754
0 0.519208 0.505591 0.030012 0.043131
0 0.473589 0.460064 0.025210 0.031949
0 0.327731 0.716454 0.021609 0.030351
0 0.353541 0.837061 0.020408 0.047923
0 0.309724 0.977636 0.024010 0.044728
0 0.392557 0.144569 0.024010 0.030351
0 0.181273 0.294728 0.026411 0.043131
0 0.124850 0.257188 0.012005 0.038339
0 0.717287 0.281150 0.037215 0.047923
0 0.631453 0.301118 0.021609 0.036741
0 0.696879 0.174121 0.027611 0.044728
0 0.490996 0.403355 0.028812 0.039936
0 0.559424 0.364217 0.024010 0.031949
0 0.571429 0.319489 0.024010 0.038339
0 0.333733 0.026358 0.026411 0.036741
0 0.991597 0.059904 0.014406 0.036741
0 0.025210 0.784345 0.026411 0.044728
0 0.070828 0.653355 0.028812 0.041534
0 0.068427 0.595048 0.026411 0.036741
0 0.057623 0.512780 0.028812 0.031949
0 0.096038 0.425719 0.019208 0.039936
0 0.845738 0.523163 0.025210 0.033546
0 0.721489 0.029553 0.048019 0.055911
0 0.720288 0.365016 0.021609 0.043131
0 0.316327 0.314696 0.032413 0.041534
0 0.285714 0.206869 0.021609 0.033546
0 0.154262 0.126997 0.022809 0.030351
0 0.731092 0.155751 0.026411 0.052716
0 0.312725 0.670128 0.061224 0.046326
0 0.860744 0.813099 0.031212 0.041534
0 0.564226 0.976038 0.036014 0.047923
0 0.531813 0.927316 0.028812 0.039936
0 0.560024 0.949681 0.032413 0.049521
0 0.648860 0.744409 0.032413 0.025559
0 0.483794 0.258786 0.021609 0.035144
0 0.512005 0.202875 0.018007 0.031949
0 0.800120 0.300319 0.044418 0.057508
