0 0.550420 0.254792 0.094838 0.135783
0 0.345738 0.321086 0.084034 0.111821
0 0.202281 0.729233 0.042017 0.062300
0 0.057623 0.574281 0.043217 0.062300
0 0.126651 0.523163 0.034814 0.046326
0 0.142857 0.834665 0.050420 0.065495
0 0.011405 0.770767 0.020408 0.065495
0 0.067827 0.784345 0.018007 0.044728
0 0.144058 0.951278 0.045618 0.059105
0 0.484994 0.598243 0.050420 0.043131
0 0.479592 0.559105 0.051621 0.051118
0 0.899760 0.626198 0.114046 0.166134
0 0.799520 0.550319 0.045618 0.059105
0 0.738295 0.798722 0.043217 0.051118
0 0.683673 0.742812 0.044418 0.051118
0 0.639856 0.158946 0.069628 0.091054
0 0.670468 0.072684 0.063625 0.068690
0 0.479592 0.219649 0.032413 0.030351
0 0.312125 0.137380 0.038415 0.038339
0 0.249100 0.262780 0.039616 0.033546
0 0.039616 0.326677 0.033613 0.043131
0 0.191477 0.278754 0.030012 0.030351
0 0.397959 0.472045 0.063625 0.055911
0 0.373950 0.533546 0.034814 0.057508
0 0.346939 0.515176 0.028812 0.027157
0 0.347539 0.478435 0.022809 0.039936
0 0.592437 0.397764 0.030012 0.035144
0 0.972389 0.087859 0.045618 0.054313
0 0.981993 0.190895 0.028812 0.052716
0 0.945978 0.161342 0.033613 0.038339
0 0.738896 0.103834 0.027611 0.038339
0 0.785114 0.025559 0.086435 0.047923
0 0.337335 0.852236 0.033613 0.055911
0 0.372149 0.769968 0.024010 0.028754
0 0.247899 0.492013 0.020408 0.041534
0 0.268908 0.495208 0.028812 0.044728
0 0.450780 0.894569 0.022809 0.019169
0 0.330732 0.966454 0.030012 0.051118
0 0.026411 0.191693 0.043217 0.035144
0 0.836134 0.361022 0.027611 0.051118
0 0.798319 0.287540 0.016807 0.035144
0 0.605642 0.264377 0.034814 0.030351
0 0.474190 0.673323 0.038415 0.039936
0 0.549820 0.656550 0.026411 0.035144
0 0.879352 0.244409 0.027611 0.028754
0 0.601441 0.096645 0.024010 0.046326
0 0.577431 0.075879 0.021609 0.046326
0 0.578031 0.156550 0.037215 0.044728
0 0.172269 0.503994 0.022809 0.039936
0 0.539616 0.036741 0.037215 0.044728
0 0.545018 0.072684 0.024010 0.033546
0 0.467587 0.948083 0.025210 0.052716
0 0.539616 0.466454 0.034814 0.025559
0 0.672269 0.454473 0.036014 0.046326
0 0.656062 0.411342 0.034814 0.055911
0 0.650060 0.281150 0.025210 0.031949
0 0.647659 0.243610 0.034814 0.027157
0 0.701681 0.146965 0.025210 0.031949
0 0.680672 0.149361 0.031212 0.039936
0 0.699280 0.242013 0.030012 0.036741
0 0.840936 0.201278 0.025210 0.044728
0 0.146459 0.039936 0.026411 0.025559
0 0.108043 0.018371 0.024010 0.030351
0 0.259304 0.924920 0.038415 0.038339
0 0.269508 0.975240 0.044418 0.023962
0 0.380552 0.992013 0.048019 0.015974
0 0.909364 0.892971 0.032413 0.047923
0 0.806723 0.774760 0.038415 0.038339
0 0.591236 0.626997 0.030012 0.043131
0 0.567827 0.704473 0.036014 0.035144
0 0.432173 0.356230 0.028812 0.025559
0 0.380552 0.428115 0.031212 0.035144
0 0.969388 0.241214 0.032413 0.044728
0 0.891357 0.138978 0.020408 0.028754
0 0.088836 0.455272 0.031212 0.041534
0 0.263505 0.788339 0.020408 0.023962
0 0.587035 0.865016 0.031212 0.036741
0 0.244898 0.559105 0.021609 0.041534
0 0.195678 0.559105 0.026411 0.025559
0 0.127851 0.678914 0.020408 0.031949
0 0.733493 0.510383 0.031212 0.033546
0 0.192677 0.128594 0.032413 0.027157
0 0.022809 0.141374 0.028812 0.030351
0 0.424370 0.725240 0.032413 0.028754
0 0.577431 0.329872 0.024010 0.020767
0 0.727491 0.162141 0.014406 0.033546
0 0.793517 0.115815 0.038415 0.046326
0 0.790516 0.848243 0.044418 0.035144
0 0.606242 0.954473 0.031212 0.036741
0 0.274910 0.684505 0.031212 0.043131
0 0.122449 0.647764 0.038415 0.020767
0 0.136855 0.618211 0.033613 0.025559
0 0.498199 0.032748 0.031212 0.033546
0 0.085234 0.276358 0.036014 0.038339
