0 0.202281 0.226038 0.090036 0.113419
0 0.442377 0.682109 0.082833 0.099042
1 0.594838 0.661342 0.073229 0.108626
1 0.514406 0.581470 0.049220 0.057508
1 0.322929 0.776358 0.052821 0.054313
0 0.643457 0.965655 0.072029 0.068690
0 0.720288 0.973642 0.055222 0.052716
0 0.614646 0.818690 0.038415 0.049521
0 0.647059 0.807508 0.033613 0.068690
0 0.928571 0.660543 0.042017 0.065495
1 0.906363 0.567891 0.050420 0.068690
1 0.834934 0.526358 0.044418 0.065495
1 0.634454 0.206070 0.032413 0.041534
1 0.564826 0.306709 0.039616 0.054313
1 0.619448 0.335463 0.036014 0.044728
1 0.681873 0.297923 0.048019 0.036741
1 0.651261 0.128594 0.042017 0.039936
1 0.621849 0.062300 0.031212 0.035144
1 0.498199 0.022364 0.028812 0.041534
1 0.542617 0.052716 0.036014 0.041534
1 0.476591 0.298722 0.048019 0.044728
1 0.480792 0.210863 0.027611 0.041534
1 0.290516 0.353834 0.050420 0.059105
1 0.267707 0.463259 0.045618 0.060703
1 0.151261 0.522364 0.048019 0.063898
1 0.081032 0.380192 0.042017 0.054313
1 0.105642 0.670927 0.040816 0.054313
1 0.174070 0.828275 0.033613 0.039936
1 0.238295 0.910543 0.030012 0.044728
1 0.240696 0.976038 0.042017 0.047923
1 0.397359 0.882588 0.033613 0.046326
1 0.696279 0.807508 0.031212 0.043131
1 0.864346 0.952875 0.043217 0.046326
1 0.798319 0.969649 0.043217 0.051118
0 0.967587 0.526358 0.064826 0.167732
0 0.981393 0.547125 0.030012 0.068690
0 0.955582 0.374601 0.031212 0.043131
0 0.082833 0.106230 0.045618 0.055911
0 0.070228 0.539137 0.037215 0.039936
0 0.342137 0.549521 0.072029 0.089457
