0 0.322329 0.456070 0.073229 0.100639
0 0.080432 0.170128 0.062425 0.078275
0 0.066026 0.546326 0.028812 0.079872
0 0.229292 0.625399 0.050420 0.055911
0 0.026411 0.904153 0.031212 0.079872
0 0.166867 0.904952 0.026411 0.043131
0 0.348739 0.746006 0.032413 0.044728
0 0.319928 0.700479 0.025210 0.033546
0 0.292317 0.721246 0.032413 0.036741
0 0.443577 0.380990 0.051621 0.055911
0 0.475990 0.309904 0.044418 0.041534
0 0.347539 0.171725 0.049220 0.065495
0 0.251501 0.369808 0.049220 0.062300
0 0.229292 0.314696 0.026411 0.025559
0 0.806723 0.688498 0.031212 0.041534
0 0.824130 0.735623 0.039616 0.075080
0 0.773109 0.800319 0.031212 0.047923
0 0.845738 0.869808 0.030012 0.081470
0 0.809124 0.853834 0.028812 0.030351
0 0.962785 0.861022 0.033613 0.057508
0 0.930972 0.508786 0.027611 0.052716
0 0.566627 0.476837 0.043217 0.062300
0 0.524610 0.450479 0.031212 0.028754
0 0.570828 0.305911 0.049220 0.059105
0 0.481393 0.845847 0.038415 0.043131
0 0.463385 0.910543 0.040816 0.060703
0 0.288715 0.869010 0.027611 0.022364
0 0.508403 0.750799 0.027611 0.028754
0 0.634454 0.599042 0.042017 0.044728
0 0.605042 0.951278 0.036014 0.043131
0 0.974190 0.217252 0.025210 0.047923
0 0.977791 0.144569 0.025210 0.036741
0 0.818127 0.111821 0.025210 0.041534
0 0.160264 0.206869 0.046819 0.046326
0 0.191477 0.119010 0.032413 0.043131
0 0.091837 0.368211 0.027611 0.030351
0 0.177671 0.328275 0.033613 0.033546
0 0.192077 0.298722 0.031212 0.031949
0 0.274310 0.194888 0.027611 0.054313
0 0.301321 0.181310 0.024010 0.055911
0 0.253902 0.113419 0.042017 0.047923
0 0.498800 0.062300 0.032413 0.054313
0 0.507203 0.654952 0.046819 0.044728
0 0.392557 0.667732 0.036014 0.025559
0 0.656663 0.792332 0.026411 0.031949
0 0.653661 0.829073 0.032413 0.038339
0 0.653061 0.868211 0.026411 0.027157
0 0.523409 0.789936 0.031212 0.023962
0 0.309124 0.829073 0.037215 0.022364
0 0.246699 0.807508 0.034814 0.039936
0 0.894358 0.352236 0.033613 0.062300
0 0.412365 0.818690 0.034814 0.052716
0 0.650060 0.015974 0.046819 0.028754
1 0.457383 0.177316 0.170468 0.172524
0 0.692077 0.416933 0.037215 0.028754
0 0.675270 0.293131 0.030012 0.033546
0 0.615246 0.388978 0.020408 0.049521
0 0.708884 0.974441 0.025210 0.047923
0 0.777911 0.746805 0.024010 0.043131
0 0.569628 0.774760 0.020408 0.019169
0 0.563025 0.741214 0.031212 0.025559
0 0.623649 0.693291 0.018007 0.035144
0 0.953782 0.275559 0.022809 0.039936
