0 0.130252 0.453674 0.063625 0.086262
0 0.361945 0.622204 0.099640 0.116613
0 0.282113 0.793930 0.036014 0.057508
0 0.186074 0.821885 0.050420 0.071885
0 0.593637 0.863419 0.044418 0.055911
0 0.609244 0.111821 0.099640 0.108626
0 0.033613 0.159744 0.045618 0.076677
0 0.154862 0.107827 0.057623 0.062300
0 0.062425 0.790735 0.060024 0.086262
0 0.412965 0.750000 0.067227 0.075080
1 0.734694 0.706070 0.064826 0.099042
1 0.705282 0.356230 0.097239 0.137380
1 0.522809 0.536741 0.054022 0.083067
1 0.800120 0.649361 0.046819 0.075080
1 0.636255 0.916134 0.036014 0.087859
0 0.589436 0.333866 0.045618 0.044728
0 0.572629 0.452875 0.031212 0.055911
1 0.959784 0.390575 0.037215 0.049521
1 0.749700 0.474441 0.042017 0.057508
1 0.740096 0.869808 0.044418 0.059105
0 0.067827 0.244409 0.070828 0.079872
0 0.033613 0.421725 0.050420 0.223642
0 0.071429 0.881789 0.058824 0.076677
0 0.267107 0.214856 0.094838 0.087859
0 0.177671 0.025559 0.069628 0.044728
0 0.524010 0.034345 0.046819 0.052716
0 0.583433 0.023163 0.043217 0.036741
1 0.724490 0.083067 0.037215 0.044728
1 0.708283 0.161342 0.052821 0.057508
0 0.284514 0.623802 0.043217 0.071885
1 0.842137 0.595048 0.037215 0.052716
1 0.849340 0.659744 0.032413 0.044728
1 0.414766 0.932109 0.078031 0.068690
1 0.179472 0.964856 0.087635 0.070288
1 0.624250 0.738818 0.040816 0.055911
1 0.493998 0.285942 0.039616 0.051118
1 0.972389 0.131789 0.055222 0.103834
0 0.034214 0.600639 0.066026 0.188498
0 0.690876 0.859425 0.039616 0.057508
0 0.957383 0.975240 0.044418 0.049521
0 0.163265 0.355431 0.067227 0.087859
0 0.102041 0.704473 0.110444 0.092652
1 0.816927 0.350639 0.034814 0.036741
0 0.036014 0.051118 0.050420 0.070288
0 0.400360 0.244409 0.042017 0.060703
0 0.804922 0.072684 0.032413 0.043131
1 0.133253 0.551917 0.064826 0.043131
