0 0.724490 0.299521 0.094838 0.107029
0 0.059424 0.565495 0.044418 0.063898
0 0.180672 0.426518 0.051621 0.041534
1 0.609844 0.686102 0.098439 0.097444
1 0.864946 0.456070 0.051621 0.071885
1 0.160864 0.882588 0.052821 0.071885
1 0.063625 0.828275 0.038415 0.062300
1 0.277911 0.585463 0.054022 0.065495
0 0.156663 0.178115 0.054022 0.052716
0 0.282113 0.021565 0.067227 0.039936
0 0.042617 0.143770 0.056423 0.060703
0 0.175870 0.361821 0.034814 0.049521
1 0.819928 0.962460 0.062425 0.075080
1 0.720888 0.707668 0.030012 0.047923
1 0.764106 0.525559 0.051621 0.115016
1 0.636855 0.510383 0.034814 0.059105
1 0.985594 0.406550 0.028812 0.161342
0 0.447779 0.879393 0.055222 0.062300
0 0.680672 0.762780 0.045618 0.068690
