1 0.603241 0.203674 0.126050 0.154952
0 0.649460 0.418530 0.105642 0.099042
1 0.912365 0.343450 0.079232 0.083067
1 0.972389 0.120607 0.055222 0.081470
1 0.981993 0.551118 0.036014 0.060703
1 0.609244 0.748403 0.068427 0.078275
1 0.141056 0.953674 0.051621 0.057508
1 0.153061 0.440895 0.037215 0.047923
1 0.291116 0.156550 0.090036 0.083067
0 0.059424 0.244409 0.078031 0.108626
0 0.024610 0.087061 0.044418 0.097444
0 0.202281 0.028754 0.061224 0.044728
1 0.703481 0.062300 0.057623 0.079872
0 0.897959 0.777157 0.069628 0.097444
1 0.464586 0.502396 0.045618 0.049521
