0 0.911765 0.341853 0.054022 0.067093
0 0.742497 0.572684 0.054022 0.049521
0 0.450180 0.292332 0.031212 0.054313
0 0.957383 0.658147 0.042017 0.044728
1 0.118848 0.518371 0.040816 0.068690
1 0.141056 0.832268 0.061224 0.070288
1 0.504802 0.690895 0.078031 0.094249
1 0.349940 0.396965 0.061224 0.075080
1 0.270108 0.448083 0.055222 0.071885
0 0.367947 0.102236 0.092437 0.095847
0 0.101441 0.365016 0.058824 0.071885
0 0.702281 0.257188 0.036014 0.060703
0 0.243697 0.134185 0.072029 0.121406
0 0.799520 0.700479 0.067227 0.068690
0 0.719688 0.488019 0.037215 0.068690
1 0.618848 0.434505 0.051621 0.070288
1 0.877551 0.781150 0.036014 0.044728
1 0.860144 0.603035 0.056423 0.100639
1 0.033013 0.348243 0.044418 0.041534
1 0.031212 0.396965 0.040816 0.055911
1 0.249100 0.712460 0.037215 0.057508
0 0.854742 0.929712 0.060024 0.057508
0 0.828331 0.162939 0.038415 0.047923
0 0.198079 0.021565 0.031212 0.030351
1 0.494598 0.535144 0.026411 0.038339
1 0.594838 0.631789 0.042017 0.075080
1 0.267707 0.341853 0.045618 0.089457
1 0.942977 0.217252 0.037215 0.044728
0 0.982593 0.035942 0.034814 0.052716
1 0.040816 0.226837 0.033613 0.057508
0 0.689676 0.176518 0.061224 0.062300
1 0.514406 0.321885 0.070828 0.052716
1 0.298319 0.582268 0.082833 0.081470
1 0.168667 0.695687 0.042017 0.059105
0 0.310324 0.774760 0.056423 0.108626
0 0.144658 0.261182 0.049220 0.087859
1 0.179472 0.251597 0.049220 0.055911
1 0.543217 0.431310 0.046819 0.067093
1 0.379352 0.811502 0.055222 0.073482
0 0.020408 0.875399 0.033613 0.051118
1 0.914166 0.616613 0.039616 0.060703
0 0.971789 0.472045 0.056423 0.119808
1 0.975990 0.870607 0.048019 0.073482
1 0.526411 0.960064 0.044418 0.044728
1 0.126651 0.946486 0.056423 0.049521
1 0.030012 0.807508 0.057623 0.046326
1 0.717287 0.919329 0.051621 0.055911
1 0.873349 0.392971 0.037215 0.051118
1 0.551020 0.075879 0.052821 0.065495
1 0.055222 0.080671 0.033613 0.049521
1 0.066627 0.557508 0.039616 0.073482
