0 0.157863 0.285144 0.042017 0.052716
0 0.087035 0.523962 0.030012 0.047923
0 0.067227 0.754792 0.028812 0.046326
0 0.250900 0.584665 0.040816 0.035144
0 0.366747 0.662141 0.046819 0.078275
0 0.349340 0.793930 0.033613 0.051118
0 0.912365 0.722045 0.045618 0.076677
0 0.927971 0.214058 0.050420 0.089457
0 0.465786 0.206070 0.028812 0.057508
0 0.702281 0.588658 0.040816 0.071885
0 0.738896 0.691693 0.032413 0.054313
0 0.814526 0.703674 0.030012 0.062300
0 0.866747 0.369010 0.036014 0.054313
0 0.540816 0.343450 0.066026 0.070288
0 0.742497 0.085463 0.039616 0.052716
0 0.387755 0.078275 0.103241 0.095847
0 0.969988 0.702875 0.038415 0.051118
0 0.978391 0.126997 0.043217 0.055911
0 0.975990 0.045527 0.048019 0.059105
0 0.565426 0.043131 0.050420 0.041534
0 0.175870 0.873003 0.027611 0.033546
0 0.924370 0.942492 0.048019 0.086262
0 0.805522 0.830671 0.040816 0.044728
0 0.609244 0.628594 0.058824 0.062300
1 0.867347 0.609425 0.044418 0.075080
1 0.265906 0.710863 0.075630 0.079872
1 0.779112 0.278754 0.043217 0.071885
1 0.867347 0.057508 0.061224 0.092652
1 0.882353 0.840256 0.052821 0.057508
1 0.286915 0.848243 0.048019 0.092652
1 0.247899 0.432907 0.030012 0.047923
1 0.243697 0.202875 0.084034 0.089457
1 0.958583 0.406550 0.034814 0.052716
1 0.366146 0.972843 0.052821 0.054313
1 0.655462 0.200479 0.055222 0.065495
0 0.646459 0.782748 0.073229 0.108626
0 0.427971 0.269169 0.056423 0.052716
0 0.725690 0.381789 0.049220 0.063898
1 0.820528 0.617412 0.061224 0.078275
1 0.432773 0.204473 0.022809 0.054313
1 0.521609 0.678115 0.042017 0.043131
0 0.648860 0.568690 0.037215 0.060703
0 0.849340 0.141374 0.042017 0.075080
