0 0.551621 0.759585 0.056423 0.081470
0 0.838535 0.876997 0.106843 0.159744
0 0.780912 0.436102 0.056423 0.051118
0 0.580432 0.584665 0.090036 0.079872
0 0.504202 0.524760 0.033613 0.030351
0 0.302521 0.310703 0.062425 0.107029
0 0.689076 0.102236 0.052821 0.102236
0 0.894958 0.248403 0.044418 0.062300
0 0.849940 0.334665 0.026411 0.052716
0 0.708283 0.707668 0.038415 0.057508
0 0.612845 0.853035 0.039616 0.054313
0 0.854742 0.631789 0.057623 0.052716
0 0.927971 0.646965 0.036014 0.060703
0 0.932773 0.725240 0.033613 0.051118
0 0.171669 0.773163 0.062425 0.063898
0 0.981993 0.043930 0.036014 0.078275
0 0.965786 0.567891 0.068427 0.154952
1 0.102641 0.037540 0.075630 0.071885
1 0.175270 0.179712 0.064826 0.094249
1 0.033013 0.286741 0.063625 0.068690
1 0.010804 0.150958 0.019208 0.065495
1 0.081032 0.451278 0.075630 0.084665
1 0.390156 0.674121 0.052821 0.054313
1 0.351741 0.708466 0.040816 0.049521
1 0.218487 0.871406 0.033613 0.055911
1 0.050420 0.670927 0.048019 0.070288
1 0.445378 0.590256 0.036014 0.062300
1 0.524610 0.384185 0.048019 0.059105
1 0.616447 0.171725 0.046819 0.081470
1 0.689076 0.241214 0.043217 0.086262
1 0.835534 0.146166 0.052821 0.091054
1 0.762305 0.237220 0.038415 0.087859
1 0.748499 0.087061 0.039616 0.036741
1 0.777911 0.021565 0.052821 0.039936
1 0.782713 0.349042 0.028812 0.049521
1 0.234694 0.488818 0.056423 0.079872
1 0.513205 0.826677 0.042017 0.052716
1 0.718487 0.627796 0.039616 0.060703
1 0.707083 0.876997 0.036014 0.073482
1 0.958583 0.426518 0.030012 0.047923
1 0.110444 0.930511 0.033613 0.059105
1 0.161465 0.583067 0.066026 0.076677
1 0.168667 0.391374 0.051621 0.051118
1 0.467587 0.254792 0.049220 0.049521
1 0.332533 0.097444 0.026411 0.057508
1 0.424970 0.053514 0.038415 0.049521
1 0.931573 0.137380 0.048019 0.057508
1 0.948980 0.059904 0.030012 0.039936
1 0.621849 0.363419 0.045618 0.055911
1 0.572629 0.952875 0.033613 0.033546
1 0.483193 0.893770 0.039616 0.033546
1 0.060624 0.243610 0.042017 0.052716
1 0.018007 0.500799 0.033613 0.059105
1 0.021609 0.599042 0.031212 0.025559
1 0.345138 0.492013 0.061224 0.089457
0 0.638055 0.528754 0.027611 0.044728
0 0.593637 0.735623 0.025210 0.052716
0 0.828932 0.744409 0.070828 0.162939
1 0.592437 0.503994 0.027611 0.033546
1 0.825930 0.519968 0.067227 0.065495
1 0.025210 0.781150 0.038415 0.044728
1 0.100240 0.595847 0.056423 0.127796
1 0.920768 0.840256 0.100840 0.204473
1 0.490396 0.658147 0.063625 0.099042
1 0.888956 0.428914 0.042017 0.059105
0 0.766507 0.769169 0.037215 0.049521
1 0.432173 0.341853 0.050420 0.083067
1 0.209484 0.067891 0.044418 0.030351
1 0.012005 0.030351 0.021609 0.051118
