1 0.183073 0.597444 0.090036 0.111821
0 0.528211 0.130990 0.038415 0.057508
0 0.567827 0.103834 0.036014 0.047923
0 0.257503 0.727636 0.054022 0.065495
0 0.153061 0.840256 0.080432 0.108626
1 0.418968 0.468850 0.062425 0.084665
1 0.468788 0.557508 0.070828 0.111821
1 0.619448 0.677316 0.084034 0.105431
1 0.480792 0.732428 0.056423 0.068690
1 0.411765 0.835463 0.060024 0.070288
1 0.675270 0.555112 0.068427 0.075080
1 0.780912 0.527157 0.066026 0.089457
1 0.898559 0.396965 0.044418 0.055911
1 0.812125 0.240415 0.037215 0.059105
1 0.863145 0.074281 0.038415 0.059105
1 0.745498 0.047125 0.033613 0.049521
1 0.621248 0.160543 0.046819 0.055911
1 0.427371 0.122204 0.043217 0.071885
1 0.121248 0.108626 0.139256 0.127796
1 0.266507 0.340256 0.045618 0.063898
1 0.342737 0.621406 0.039616 0.044728
1 0.590636 0.958466 0.062425 0.083067
1 0.959784 0.976837 0.066026 0.046326
1 0.926771 0.888978 0.033613 0.052716
1 0.955582 0.909744 0.040816 0.043131
1 0.181873 0.205272 0.044418 0.059105
1 0.347539 0.352236 0.049220 0.068690
1 0.567827 0.416933 0.033613 0.051118
