0 0.387155 0.094249 0.094838 0.102236
0 0.241297 0.044728 0.084034 0.086262
0 0.100840 0.061502 0.040816 0.033546
0 0.061224 0.055112 0.031212 0.046326
0 0.015606 0.012780 0.021609 0.022364
0 0.031813 0.033546 0.022809 0.028754
0 0.020408 0.226038 0.038415 0.046326
0 0.023409 0.275559 0.044418 0.046326
0 0.042617 0.351438 0.082833 0.092652
0 0.049820 0.193291 0.030012 0.041534
0 0.244298 0.640575 0.486194 0.718850
0 0.624850 0.497604 0.044418 0.065495
0 0.764106 0.228435 0.253301 0.325879
0 0.592437 0.211661 0.063625 0.094249
0 0.710684 0.095847 0.055222 0.054313
0 0.743097 0.227636 0.040816 0.062300
0 0.773109 0.143770 0.055222 0.057508
0 0.855342 0.130192 0.046819 0.062300
0 0.830132 0.206869 0.032413 0.049521
0 0.846339 0.261981 0.060024 0.063898
0 0.970588 0.031150 0.058824 0.059105
0 0.144658 0.902556 0.039616 0.047923
0 0.046819 0.892971 0.057623 0.057508
0 0.429772 0.381789 0.060024 0.076677
0 0.304922 0.367412 0.052821 0.041534
0 0.672869 0.717252 0.037215 0.041534
0 0.834934 0.981629 0.042017 0.036741
0 0.950180 0.970447 0.044418 0.052716
1 0.708283 0.901757 0.043217 0.039936
1 0.690276 0.936901 0.033613 0.039936
1 0.692077 0.977636 0.039616 0.041534
1 0.748499 0.945687 0.058824 0.060703
1 0.840936 0.459265 0.042017 0.046326
1 0.983794 0.627796 0.032413 0.044728
1 0.503001 0.055911 0.048019 0.070288
1 0.321128 0.033546 0.042017 0.041534
1 0.861945 0.663738 0.036014 0.039936
1 0.892557 0.627796 0.032413 0.041534
1 0.614046 0.671725 0.049220 0.046326
0 0.608043 0.329073 0.032413 0.038339
0 0.645258 0.303514 0.034814 0.044728
0 0.636255 0.345847 0.040816 0.052716
0 0.841537 0.844249 0.036014 0.043131
0 0.604442 0.587859 0.063625 0.067093
0 0.585834 0.535942 0.048019 0.046326
1 0.919568 0.313099 0.038415 0.047923
