1 0.453181 0.734026 0.051621 0.100639
0 0.197479 0.520767 0.058824 0.105431
0 0.411164 0.513578 0.051621 0.126198
1 0.187875 0.660543 0.056423 0.084665
1 0.717287 0.797125 0.080432 0.127796
1 0.478992 0.958466 0.048019 0.083067
1 0.284514 0.678115 0.064826 0.107029
1 0.109844 0.181310 0.051621 0.071885
0 0.033613 0.528754 0.055222 0.076677
0 0.415366 0.273962 0.045618 0.065495
1 0.427371 0.876198 0.060024 0.097444
1 0.241897 0.904153 0.051621 0.067093
1 0.581633 0.043930 0.082833 0.071885
0 0.569028 0.323482 0.079232 0.081470
1 0.271309 0.377796 0.050420 0.062300
0 0.343938 0.818690 0.034814 0.055911
0 0.496399 0.716454 0.037215 0.059105
0 0.059424 0.317093 0.025210 0.027157
0 0.837335 0.928914 0.054022 0.100639
1 0.684274 0.109425 0.052821 0.084665
0 0.974190 0.970447 0.051621 0.059105
1 0.897959 0.811502 0.057623 0.070288
1 0.707083 0.511182 0.084034 0.099042
0 0.021609 0.264377 0.040816 0.062300
0 0.142857 0.439297 0.024010 0.041534
1 0.455582 0.293131 0.032413 0.043131
1 0.462185 0.392971 0.045618 0.057508
1 0.921369 0.346645 0.063625 0.079872
1 0.869148 0.457668 0.105642 0.059105
1 0.819328 0.718850 0.073229 0.108626
1 0.052821 0.163738 0.038415 0.075080
0 0.306723 0.241214 0.039616 0.044728
1 0.340936 0.619808 0.052821 0.083067
1 0.425570 0.610224 0.056423 0.086262
1 0.961585 0.598243 0.038415 0.071885
1 0.957383 0.056709 0.032413 0.043131
