0 0.053421 0.059105 0.075630 0.095847
0 0.019208 0.115815 0.033613 0.055911
0 0.084034 0.166933 0.028812 0.046326
0 0.097239 0.123003 0.031212 0.047923
0 0.130252 0.219649 0.034814 0.039936
0 0.111645 0.271565 0.026411 0.041534
0 0.035414 0.238818 0.018007 0.043131
0 0.073229 0.449681 0.052821 0.052716
0 0.059424 0.476038 0.027611 0.041534
0 0.070228 0.539137 0.030012 0.043131
0 0.108043 0.547923 0.031212 0.031949
0 0.145858 0.527955 0.032413 0.039936
0 0.237095 0.486422 0.032413 0.039936
0 0.256303 0.369010 0.058824 0.086262
0 0.328331 0.395367 0.054022 0.062300
0 0.333733 0.452875 0.165666 0.209265
0 0.291717 0.197284 0.103241 0.113419
0 0.268908 0.132588 0.045618 0.051118
0 0.366146 0.027157 0.038415 0.044728
0 0.469388 0.103834 0.040816 0.060703
0 0.556423 0.511981 0.044418 0.094249
0 0.597839 0.498403 0.052821 0.086262
0 0.627251 0.588658 0.058824 0.081470
0 0.980192 0.048722 0.039616 0.084665
0 0.941176 0.388978 0.117647 0.599042
0 0.760504 0.891374 0.046819 0.060703
0 0.716086 0.863419 0.032413 0.043131
0 0.611645 0.825879 0.025210 0.035144
0 0.637455 0.825080 0.026411 0.043131
0 0.444178 0.727636 0.036014 0.039936
0 0.030612 0.811502 0.058824 0.172524
0 0.054022 0.468850 0.105642 0.238019
1 0.783914 0.515176 0.081633 0.116613
1 0.545018 0.122204 0.036014 0.039936
1 0.534214 0.160543 0.024010 0.036741
1 0.750300 0.130990 0.038415 0.035144
1 0.818727 0.184505 0.038415 0.046326
1 0.722689 0.271565 0.045618 0.057508
1 0.689676 0.380192 0.039616 0.057508
1 0.699280 0.475240 0.044418 0.049521
1 0.696879 0.511981 0.037215 0.036741
1 0.716086 0.535144 0.034814 0.031949
1 0.665066 0.664537 0.028812 0.035144
1 0.774910 0.595847 0.037215 0.038339
1 0.861345 0.583866 0.039616 0.030351
1 0.864946 0.646166 0.049220 0.049521
1 0.860144 0.728435 0.049220 0.076677
1 0.870948 0.892971 0.044418 0.038339
1 0.872749 0.934505 0.052821 0.035144
1 0.950780 0.781150 0.031212 0.038339
1 0.968788 0.948882 0.040816 0.047923
1 0.427371 0.940895 0.045618 0.051118
1 0.421369 0.793930 0.038415 0.047923
1 0.177671 0.816294 0.048019 0.057508
1 0.135054 0.750000 0.037215 0.046326
1 0.220888 0.688498 0.040816 0.044728
1 0.433373 0.384185 0.036014 0.049521
1 0.480792 0.457668 0.037215 0.059105
1 0.537815 0.233227 0.048019 0.083067
1 0.603241 0.396965 0.037215 0.049521
1 0.590036 0.317891 0.054022 0.054313
1 0.236495 0.044728 0.048019 0.054313
1 0.201681 0.099042 0.036014 0.041534
1 0.222689 0.174121 0.034814 0.054313
0 0.989796 0.583866 0.020408 0.033546
0 0.979592 0.607827 0.024010 0.033546
0 0.975990 0.347444 0.031212 0.052716
1 0.884154 0.021565 0.090036 0.039936
1 0.506002 0.020767 0.087635 0.038339
1 0.319928 0.103035 0.034814 0.039936
