0 0.067827 0.390575 0.070828 0.094249
0 0.132653 0.543131 0.034814 0.051118
0 0.327731 0.642971 0.040816 0.065495
0 0.546819 0.609425 0.058824 0.087859
0 0.506603 0.543131 0.028812 0.038339
0 0.507803 0.591853 0.033613 0.046326
0 0.493998 0.680511 0.037215 0.051118
0 0.487995 0.773962 0.032413 0.039936
0 0.369148 0.892173 0.025210 0.043131
0 0.335534 0.940895 0.027611 0.051118
0 0.211885 0.901757 0.042017 0.062300
0 0.017407 0.908147 0.032413 0.039936
0 0.371549 0.273163 0.044418 0.060703
0 0.273109 0.267572 0.044418 0.055911
0 0.868547 0.686102 0.037215 0.049521
0 0.758103 0.523962 0.034814 0.051118
0 0.749700 0.567891 0.042017 0.036741
0 0.694478 0.472045 0.030012 0.043131
0 0.629052 0.604633 0.057623 0.075080
0 0.708884 0.908147 0.044418 0.059105
0 0.773109 0.933706 0.055222 0.100639
0 0.794118 0.850639 0.030012 0.036741
0 0.837335 0.974441 0.042017 0.044728
0 0.899160 0.870607 0.031212 0.035144
0 0.861345 0.902556 0.025210 0.067093
0 0.982593 0.578275 0.034814 0.079872
0 0.951981 0.567093 0.031212 0.031949
0 0.468187 0.145367 0.038415 0.038339
0 0.430972 0.142173 0.033613 0.047923
0 0.458583 0.055911 0.045618 0.067093
0 0.873349 0.096645 0.039616 0.052716
0 0.227491 0.108626 0.034814 0.047923
0 0.159664 0.123003 0.031212 0.044728
0 0.530012 0.341853 0.027611 0.038339
0 0.555822 0.307508 0.031212 0.033546
0 0.551020 0.383387 0.024010 0.041534
0 0.704082 0.370607 0.034814 0.054313
0 0.848739 0.354633 0.033613 0.060703
0 0.873950 0.333866 0.024010 0.044728
0 0.840336 0.286741 0.033613 0.030351
0 0.797119 0.172524 0.031212 0.047923
0 0.774910 0.192492 0.022809 0.049521
0 0.534214 0.910543 0.036014 0.035144
0 0.334934 0.770767 0.028812 0.033546
0 0.282113 0.844249 0.031212 0.027157
0 0.163866 0.708466 0.027611 0.043131
0 0.087635 0.650958 0.026411 0.036741
0 0.031813 0.645367 0.032413 0.041534
0 0.699280 0.739617 0.025210 0.038339
0 0.674670 0.674121 0.036014 0.041534
0 0.443577 0.615815 0.037215 0.033546
0 0.943577 0.534345 0.031212 0.023962
0 0.977191 0.449681 0.033613 0.046326
0 0.931573 0.107029 0.028812 0.044728
0 0.866747 0.160543 0.031212 0.030351
0 0.897959 0.201278 0.033613 0.028754
0 0.748499 0.062300 0.032413 0.038339
0 0.722689 0.026358 0.033613 0.030351
0 0.635654 0.255591 0.022809 0.047923
0 0.671669 0.285942 0.058824 0.089457
0 0.452581 0.218051 0.026411 0.033546
0 0.210684 0.298722 0.030012 0.035144
0 0.415966 0.435304 0.022809 0.046326
0 0.298319 0.412939 0.025210 0.036741
0 0.420168 0.748403 0.031212 0.046326
0 0.591837 0.808307 0.038415 0.038339
0 0.890756 0.262780 0.031212 0.033546
0 0.393758 0.896965 0.033613 0.033546
0 0.969388 0.951278 0.046819 0.081470
0 0.874550 0.628594 0.030012 0.039936
0 0.321729 0.350639 0.031212 0.023962
0 0.065426 0.156550 0.037215 0.051118
0 0.087635 0.202077 0.040816 0.039936
0 0.114046 0.191693 0.021609 0.031949
0 0.142257 0.159744 0.032413 0.028754
0 0.043818 0.013578 0.039616 0.023962
0 0.412365 0.282748 0.027611 0.038339
0 0.793517 0.505591 0.031212 0.043131
0 0.611044 0.877796 0.024010 0.036741
0 0.667467 0.376997 0.016807 0.035144
0 0.753301 0.802716 0.025210 0.020767
0 0.185474 0.753195 0.030012 0.033546
0 0.191477 0.722045 0.034814 0.028754
0 0.112845 0.876997 0.052821 0.051118
0 0.491597 0.285942 0.042017 0.073482
0 0.455582 0.309105 0.022809 0.036741
0 0.808523 0.111821 0.030012 0.038339
0 0.845138 0.085463 0.019208 0.036741
0 0.678271 0.104633 0.038415 0.036741
0 0.696879 0.077476 0.025210 0.036741
0 0.624850 0.089457 0.022809 0.028754
0 0.749700 0.246805 0.020408 0.020767
0 0.707683 0.159744 0.020408 0.028754
0 0.730492 0.198083 0.027611 0.031949
0 0.427371 0.492812 0.019208 0.043131
0 0.648259 0.554313 0.031212 0.028754
0 0.098439 0.291534 0.031212 0.043131
0 0.109244 0.022364 0.021609 0.041534
