0 0.100240 0.214856 0.054022 0.055911
0 0.059424 0.515974 0.116447 0.108626
1 0.271909 0.265974 0.061224 0.059105
1 0.393758 0.198882 0.105642 0.129393
0 0.498199 0.430511 0.055222 0.094249
0 0.612245 0.500000 0.040816 0.063898
0 0.569028 0.653355 0.045618 0.060703
0 0.642257 0.618211 0.055222 0.067093
0 0.160864 0.615016 0.040816 0.051118
0 0.085834 0.762780 0.030012 0.036741
0 0.070228 0.738019 0.022809 0.031949
0 0.270708 0.103834 0.032413 0.028754
0 0.441777 0.041534 0.043217 0.057508
0 0.737095 0.031949 0.024010 0.031949
0 0.247299 0.704473 0.033613 0.044728
0 0.202281 0.472045 0.020408 0.027157
0 0.237095 0.561502 0.022809 0.030351
0 0.539616 0.829872 0.032413 0.046326
0 0.526411 0.952875 0.092437 0.094249
0 0.705882 0.860224 0.048019 0.049521
0 0.684274 0.900958 0.052821 0.044728
0 0.834934 0.781150 0.027611 0.031949
0 0.899760 0.787540 0.042017 0.060703
0 0.894358 0.662141 0.043217 0.055911
0 0.942377 0.400160 0.064826 0.087859
0 0.960984 0.194888 0.061224 0.086262
0 0.891357 0.088658 0.087635 0.107029
0 0.792917 0.062300 0.034814 0.038339
0 0.762905 0.313099 0.054022 0.070288
0 0.442977 0.278754 0.033613 0.039936
0 0.343938 0.353834 0.037215 0.036741
0 0.118247 0.944089 0.032413 0.038339
0 0.711885 0.759585 0.031212 0.043131
0 0.686675 0.710064 0.019208 0.027157
0 0.798920 0.571885 0.027611 0.047923
0 0.650060 0.399361 0.042017 0.051118
0 0.548619 0.272364 0.026411 0.039936
0 0.687875 0.044728 0.033613 0.047923
1 0.169868 0.079872 0.054022 0.063898
0 0.180072 0.018371 0.036014 0.027157
0 0.705282 0.476837 0.025210 0.043131
0 0.738896 0.457668 0.027611 0.052716
0 0.672269 0.547923 0.033613 0.057508
0 0.400360 0.421725 0.020408 0.031949
0 0.393758 0.502396 0.026411 0.033546
0 0.481993 0.202077 0.030012 0.039936
0 0.608643 0.131789 0.019208 0.030351
0 0.645858 0.019968 0.019208 0.027157
0 0.705282 0.159744 0.027611 0.031949
0 0.800720 0.192492 0.024010 0.039936
0 0.879952 0.284345 0.028812 0.044728
0 0.914766 0.543131 0.028812 0.038339
0 0.951981 0.666134 0.024010 0.038339
0 0.937575 0.884185 0.036014 0.052716
0 0.929772 0.970447 0.042017 0.059105
0 0.735294 0.964058 0.032413 0.033546
0 0.196279 0.944089 0.027611 0.035144
0 0.151861 0.857029 0.037215 0.036741
0 0.379952 0.872204 0.034814 0.041534
0 0.472989 0.868211 0.026411 0.033546
0 0.332533 0.428115 0.021609 0.022364
0 0.294118 0.341853 0.028812 0.028754
0 0.252101 0.346645 0.024010 0.028754
0 0.330732 0.293930 0.022809 0.025559
0 0.263505 0.154153 0.027611 0.039936
0 0.256303 0.046326 0.073229 0.076677
0 0.353541 0.058307 0.049220 0.062300
0 0.496399 0.133387 0.046819 0.052716
0 0.774310 0.106230 0.045618 0.055911
0 0.824130 0.207668 0.027611 0.031949
0 0.729892 0.389776 0.086435 0.105431
0 0.759304 0.628594 0.042017 0.068690
0 0.767707 0.580671 0.030012 0.039936
0 0.745498 0.858626 0.024010 0.033546
0 0.747299 0.898562 0.025210 0.033546
0 0.891357 0.892971 0.027611 0.035144
0 0.639856 0.312300 0.036014 0.046326
0 0.698079 0.224441 0.018007 0.033546
0 0.609244 0.206070 0.015606 0.031949
0 0.296519 0.146965 0.021609 0.035144
0 0.411765 0.384185 0.033613 0.039936
0 0.394358 0.295527 0.034814 0.044728
0 0.498800 0.302716 0.037215 0.046326
0 0.573229 0.333866 0.022809 0.035144
0 0.539016 0.235623 0.016807 0.030351
0 0.581633 0.153355 0.027611 0.041534
0 0.017407 0.591853 0.030012 0.036741
1 0.264706 0.891374 0.044418 0.060703
0 0.310324 0.797125 0.044418 0.054313
1 0.334934 0.841054 0.033613 0.052716
0 0.501200 0.544728 0.037215 0.041534
0 0.532413 0.580671 0.034814 0.049521
0 0.560024 0.553514 0.025210 0.036741
0 0.609244 0.802716 0.025210 0.039936
0 0.897359 0.338658 0.020408 0.038339
0 0.962185 0.615016 0.037215 0.047923
0 0.443577 0.660543 0.030012 0.033546
0 0.938776 0.027157 0.024010 0.031949
