0 0.084634 0.368211 0.104442 0.138978
0 0.048019 0.575080 0.062425 0.067093
0 0.151861 0.503195 0.061224 0.054313
0 0.272509 0.592652 0.064826 0.083067
0 0.034814 0.706869 0.043217 0.055911
0 0.201681 0.785942 0.110444 0.092652
0 0.254502 0.721246 0.052821 0.052716
0 0.493397 0.488818 0.069628 0.089457
0 0.509004 0.340256 0.050420 0.054313
0 0.303121 0.111022 0.066026 0.110224
0 0.263505 0.339457 0.032413 0.049521
0 0.150060 0.912939 0.055222 0.055911
0 0.444778 0.870607 0.061224 0.063898
0 0.350540 0.837061 0.038415 0.057508
0 0.318127 0.923323 0.040816 0.051118
0 0.324730 0.876198 0.034814 0.039936
0 0.125450 0.549521 0.032413 0.041534
0 0.705282 0.568690 0.075630 0.111821
0 0.637455 0.573482 0.038415 0.057508
0 0.607443 0.509585 0.045618 0.051118
0 0.355342 0.311502 0.033613 0.028754
0 0.362545 0.239617 0.064826 0.060703
0 0.402761 0.200479 0.032413 0.039936
0 0.737695 0.218051 0.039616 0.049521
0 0.585234 0.202875 0.044418 0.083067
0 0.521008 0.051917 0.043217 0.039936
0 0.920168 0.059904 0.085234 0.116613
0 0.976591 0.031150 0.039616 0.059105
0 0.809124 0.555911 0.052821 0.070288
0 0.780912 0.706070 0.032413 0.038339
0 0.558824 0.756390 0.032413 0.043131
0 0.581633 0.970447 0.056423 0.059105
0 0.651261 0.699681 0.042017 0.051118
0 0.630852 0.794728 0.037215 0.039936
0 0.713685 0.305112 0.049220 0.044728
0 0.389556 0.018371 0.073229 0.033546
0 0.484394 0.013578 0.061224 0.023962
0 0.365546 0.172524 0.042017 0.041534
0 0.660264 0.411342 0.033613 0.043131
0 0.627251 0.401757 0.025210 0.043131
0 0.917167 0.869808 0.031212 0.055911
0 0.778511 0.880192 0.030012 0.031949
0 0.049820 0.115815 0.037215 0.043131
0 0.023409 0.071086 0.039616 0.043131
0 0.433974 0.714856 0.044418 0.049521
0 0.400360 0.951278 0.030012 0.043131
0 0.372749 0.773163 0.042017 0.044728
0 0.366146 0.694888 0.045618 0.044728
0 0.378151 0.639776 0.038415 0.036741
0 0.599640 0.574281 0.037215 0.049521
0 0.867947 0.283546 0.031212 0.033546
0 0.901561 0.349042 0.026411 0.036741
0 0.807923 0.224441 0.028812 0.036741
0 0.727491 0.055112 0.033613 0.043131
0 0.707083 0.014377 0.038415 0.025559
0 0.663866 0.330671 0.026411 0.022364
0 0.779112 0.457668 0.026411 0.039936
0 0.303721 0.299521 0.031212 0.033546
0 0.429772 0.250000 0.036014 0.046326
0 0.635054 0.308307 0.024010 0.038339
0 0.519208 0.777157 0.042017 0.043131
0 0.928571 0.986422 0.020408 0.027157
0 0.732293 0.376997 0.040816 0.063898
0 0.225690 0.370607 0.028812 0.025559
0 0.876351 0.686901 0.031212 0.035144
0 0.858343 0.870607 0.033613 0.038339
0 0.530012 0.240415 0.044418 0.078275
0 0.641657 0.166134 0.042017 0.038339
0 0.265906 0.249201 0.046819 0.051118
0 0.021609 0.162141 0.024010 0.039936
0 0.537815 0.397764 0.016807 0.022364
