0 0.114646 0.358626 0.102041 0.087859
0 0.536014 0.873802 0.034814 0.051118
0 0.295918 0.973642 0.066026 0.052716
1 0.021609 0.117412 0.031212 0.043131
1 0.165666 0.456070 0.031212 0.049521
1 0.304322 0.308307 0.054022 0.063898
1 0.731693 0.181310 0.054022 0.078275
1 0.572029 0.082268 0.034814 0.049521
1 0.617647 0.083866 0.027611 0.049521
1 0.655462 0.504792 0.036014 0.063898
1 0.600240 0.503195 0.043217 0.086262
1 0.231693 0.740415 0.036014 0.049521
1 0.201681 0.920128 0.024010 0.054313
1 0.871549 0.727636 0.057623 0.062300
1 0.727491 0.824281 0.024010 0.025559
1 0.733493 0.868211 0.033613 0.036741
1 0.319328 0.827476 0.028812 0.067093
1 0.804322 0.581470 0.033613 0.038339
