0 0.146459 0.772364 0.060024 0.081470
0 0.075030 0.686102 0.068427 0.094249
0 0.464586 0.145367 0.057623 0.060703
0 0.611044 0.782748 0.057623 0.076677
0 0.831933 0.032748 0.055222 0.062300
0 0.490996 0.450479 0.040816 0.054313
0 0.327131 0.265176 0.034814 0.044728
1 0.201080 0.936102 0.044418 0.051118
0 0.051621 0.146965 0.036014 0.047923
0 0.085834 0.349042 0.037215 0.052716
1 0.623649 0.348243 0.030012 0.038339
0 0.870948 0.338658 0.056423 0.086262
0 0.761705 0.065495 0.054022 0.070288
1 0.806723 0.216454 0.031212 0.043131
1 0.741297 0.426518 0.025210 0.031949
0 0.037215 0.543930 0.045618 0.059105
1 0.221489 0.678115 0.027611 0.036741
1 0.612845 0.432907 0.034814 0.051118
