0 0.066026 0.158946 0.096038 0.119808
0 0.181873 0.467252 0.063625 0.078275
0 0.202881 0.567891 0.062425 0.087859
0 0.094838 0.603834 0.096038 0.108626
0 0.136255 0.728435 0.063625 0.073482
0 0.027611 0.884984 0.038415 0.127796
0 0.073830 0.971246 0.063625 0.057508
0 0.145858 0.034345 0.039616 0.059105
0 0.209484 0.077476 0.044418 0.059105
0 0.222089 0.249201 0.038415 0.047923
0 0.184874 0.919329 0.048019 0.075080
0 0.357743 0.388978 0.043217 0.065495
0 0.342737 0.205272 0.046819 0.049521
0 0.872749 0.367412 0.052821 0.083067
0 0.958583 0.532748 0.082833 0.209265
0 0.909364 0.882588 0.078031 0.129393
0 0.732893 0.458466 0.128451 0.188498
0 0.736495 0.659744 0.046819 0.070288
0 0.498199 0.744409 0.048019 0.060703
0 0.921969 0.051118 0.103241 0.092652
0 0.701080 0.045527 0.141657 0.075080
0 0.413565 0.070288 0.051621 0.070288
0 0.534214 0.492013 0.072029 0.089457
0 0.447179 0.506390 0.044418 0.070288
1 0.412365 0.291534 0.032413 0.046326
1 0.419568 0.955272 0.082833 0.089457
1 0.657863 0.203674 0.074430 0.087859
1 0.828932 0.519968 0.039616 0.059105
0 0.847539 0.717252 0.048019 0.060703
0 0.701080 0.901757 0.067227 0.071885
0 0.506603 0.601438 0.040816 0.049521
0 0.722089 0.285144 0.049220 0.049521
0 0.789316 0.089457 0.054022 0.057508
0 0.910564 0.731629 0.032413 0.054313
0 0.874550 0.667732 0.042017 0.060703
