0 0.381152 0.640575 0.042017 0.063898
0 0.319928 0.711661 0.022809 0.030351
0 0.072629 0.645367 0.042017 0.057508
0 0.183073 0.535942 0.034814 0.059105
0 0.101441 0.545527 0.027611 0.059105
0 0.208283 0.797125 0.070828 0.092652
0 0.043217 0.821885 0.045618 0.049521
0 0.308523 0.109425 0.069628 0.068690
0 0.220288 0.341853 0.037215 0.054313
0 0.378151 0.380192 0.031212 0.035144
0 0.334934 0.364217 0.031212 0.073482
0 0.286315 0.448882 0.051621 0.067093
0 0.530012 0.546326 0.046819 0.054313
0 0.525810 0.490415 0.038415 0.044728
0 0.537815 0.126997 0.055222 0.091054
0 0.745498 0.654952 0.069628 0.137380
0 0.656062 0.672524 0.073229 0.124601
0 0.543818 0.837061 0.052821 0.067093
0 0.457983 0.927316 0.046819 0.094249
0 0.496399 0.888978 0.037215 0.043131
0 0.465786 0.770767 0.040816 0.043131
0 0.661465 0.960064 0.098439 0.079872
0 0.971188 0.419329 0.052821 0.059105
0 0.845138 0.515974 0.021609 0.035144
0 0.726891 0.377796 0.039616 0.043131
0 0.876951 0.200479 0.039616 0.062300
0 0.959184 0.210064 0.050420 0.049521
0 0.911765 0.202875 0.025210 0.057508
0 0.978391 0.082268 0.040816 0.049521
0 0.720888 0.183706 0.027611 0.051118
0 0.628451 0.205272 0.034814 0.043131
0 0.084034 0.071086 0.052821 0.068690
0 0.181273 0.329073 0.026411 0.063898
0 0.268908 0.198083 0.031212 0.044728
0 0.212485 0.185304 0.031212 0.038339
0 0.522809 0.273962 0.046819 0.055911
0 0.174670 0.692492 0.027611 0.043131
0 0.360144 0.533546 0.036014 0.063898
0 0.466387 0.555112 0.032413 0.052716
0 0.466387 0.731629 0.030012 0.038339
0 0.340336 0.846645 0.044418 0.054313
0 0.411765 0.750000 0.024010 0.030351
0 0.776711 0.329872 0.031212 0.046326
0 0.612845 0.373003 0.034814 0.059105
0 0.484994 0.104633 0.055222 0.071885
0 0.418367 0.239617 0.037215 0.044728
0 0.468788 0.232428 0.030012 0.039936
0 0.834334 0.169329 0.036014 0.041534
0 0.646459 0.545527 0.044418 0.036741
0 0.696879 0.509585 0.044418 0.044728
0 0.769508 0.471246 0.031212 0.051118
0 0.888956 0.448083 0.044418 0.062300
0 0.022809 0.627796 0.028812 0.038339
0 0.033013 0.385783 0.039616 0.062300
0 0.517407 0.722843 0.043217 0.049521
0 0.607443 0.763578 0.033613 0.038339
0 0.590036 0.683706 0.034814 0.047923
0 0.797719 0.817093 0.087635 0.126198
0 0.903962 0.829872 0.036014 0.033546
0 0.784514 0.031150 0.037215 0.046326
0 0.305522 0.361022 0.022809 0.044728
