0 0.318727 0.400958 0.068427 0.083067
0 0.436975 0.500799 0.040816 0.046326
0 0.411164 0.632588 0.037215 0.057508
0 0.380552 0.717252 0.062425 0.086262
0 0.227491 0.690096 0.051621 0.057508
0 0.937575 0.135783 0.040816 0.051118
0 0.894358 0.154952 0.043217 0.051118
0 0.986795 0.032748 0.026411 0.049521
0 0.044418 0.227636 0.038415 0.052716
0 0.011405 0.251597 0.020408 0.062300
1 0.464586 0.054313 0.028812 0.038339
1 0.582233 0.063898 0.028812 0.047923
1 0.438776 0.199681 0.039616 0.063898
1 0.351140 0.296326 0.025210 0.033546
1 0.380552 0.353834 0.043217 0.049521
1 0.570828 0.345847 0.051621 0.065495
1 0.478391 0.339457 0.039616 0.059105
1 0.088235 0.801118 0.099640 0.119808
1 0.029412 0.889776 0.056423 0.124601
1 0.204682 0.912141 0.039616 0.060703
1 0.193277 0.797923 0.038415 0.043131
1 0.342137 0.892971 0.033613 0.044728
1 0.855342 0.805911 0.051621 0.065495
1 0.880552 0.539936 0.058824 0.092652
1 0.896759 0.352236 0.038415 0.055911
1 0.888956 0.298722 0.025210 0.054313
1 0.678271 0.210064 0.050420 0.043131
1 0.702281 0.801917 0.048019 0.070288
1 0.933373 0.540735 0.037215 0.046326
1 0.986795 0.519968 0.026411 0.046326
1 0.936375 0.417732 0.038415 0.043131
1 0.867947 0.408946 0.043217 0.054313
1 0.804322 0.067891 0.040816 0.052716
1 0.893758 0.032748 0.037215 0.052716
1 0.199280 0.456869 0.036014 0.035144
1 0.208283 0.403355 0.030012 0.036741
1 0.223289 0.340256 0.050420 0.057508
1 0.394958 0.938498 0.024010 0.043131
1 0.761104 0.954473 0.036014 0.046326
