1 0.614646 0.785942 0.096038 0.137380
0 0.894958 0.194089 0.082833 0.087859
1 0.120048 0.169329 0.038415 0.051118
1 0.045018 0.484824 0.051621 0.065495
1 0.376951 0.675719 0.048019 0.044728
0 0.750300 0.955272 0.031212 0.047923
0 0.798319 0.952077 0.040816 0.051118
0 0.940576 0.368211 0.046819 0.081470
1 0.615846 0.317891 0.040816 0.031949
1 0.586435 0.531949 0.068427 0.099042
1 0.888956 0.566294 0.022809 0.046326
1 0.306122 0.869808 0.033613 0.039936
1 0.331333 0.331470 0.038415 0.059105
1 0.327131 0.135783 0.039616 0.031949
1 0.171669 0.920927 0.036014 0.033546
1 0.883553 0.303514 0.050420 0.079872
