0 0.914166 0.293930 0.121248 0.108626
0 0.840336 0.450479 0.062425 0.089457
0 0.977791 0.551118 0.044418 0.067093
1 0.702281 0.578275 0.067227 0.076677
1 0.046218 0.195687 0.051621 0.062300
0 0.079832 0.582268 0.058824 0.065495
0 0.046218 0.892971 0.037215 0.044728
0 0.267107 0.726837 0.025210 0.041534
0 0.195678 0.867412 0.038415 0.047923
1 0.176471 0.718051 0.048019 0.062300
1 0.106843 0.077476 0.028812 0.068690
1 0.364346 0.214058 0.066026 0.127796
1 0.458583 0.265176 0.043217 0.073482
1 0.306122 0.916134 0.040816 0.049521
0 0.612245 0.896166 0.050420 0.076677
0 0.462185 0.861821 0.076831 0.065495
0 0.873950 0.875399 0.036014 0.044728
0 0.823529 0.963259 0.079232 0.073482
0 0.667467 0.215655 0.040816 0.060703
0 0.589436 0.144569 0.024010 0.059105
0 0.423169 0.023163 0.022809 0.020767
1 0.241297 0.280351 0.076831 0.075080
1 0.623649 0.706070 0.092437 0.143770
1 0.872749 0.773962 0.028812 0.049521
1 0.731092 0.842652 0.043217 0.059105
1 0.206483 0.781150 0.048019 0.051118
1 0.758103 0.161342 0.039616 0.051118
1 0.677071 0.301917 0.067227 0.060703
1 0.515606 0.350639 0.063625 0.075080
1 0.328331 0.492812 0.044418 0.049521
1 0.287515 0.619808 0.051621 0.057508
0 0.780312 0.604633 0.036014 0.033546
0 0.863145 0.536741 0.024010 0.038339
0 0.842137 0.617412 0.027611 0.055911
0 0.532413 0.911342 0.025210 0.052716
