0 0.287515 0.096645 0.382953 0.190096
0 0.116447 0.221246 0.033613 0.033546
0 0.175870 0.226038 0.049220 0.055911
0 0.064226 0.253994 0.034814 0.047923
0 0.072629 0.135783 0.030012 0.044728
0 0.078031 0.039936 0.026411 0.044728
0 0.347539 0.273163 0.039616 0.038339
0 0.180072 0.354633 0.033613 0.054313
0 0.196279 0.407348 0.039616 0.041534
0 0.030012 0.535942 0.057623 0.116613
0 0.014406 0.372204 0.026411 0.060703
0 0.535414 0.582268 0.036014 0.046326
0 0.700480 0.038339 0.034814 0.038339
0 0.713685 0.027955 0.015606 0.030351
0 0.987995 0.096645 0.024010 0.052716
1 0.749100 0.158147 0.060024 0.060703
1 0.838535 0.176518 0.049220 0.046326
1 0.786915 0.209265 0.030012 0.035144
1 0.828932 0.228435 0.046819 0.047923
1 0.759904 0.269169 0.052821 0.071885
1 0.526411 0.182109 0.063625 0.070288
1 0.537815 0.293930 0.048019 0.060703
1 0.387755 0.417732 0.055222 0.068690
1 0.778511 0.640575 0.078031 0.073482
1 0.696879 0.754792 0.034814 0.043131
1 0.614646 0.748403 0.040816 0.049521
1 0.566627 0.848243 0.038415 0.051118
1 0.566026 0.905751 0.042017 0.051118
1 0.488595 0.927316 0.055222 0.049521
1 0.267707 0.968051 0.052821 0.063898
1 0.130852 0.956869 0.103241 0.086262
1 0.214286 0.850639 0.030012 0.049521
1 0.082233 0.874601 0.078031 0.065495
1 0.023409 0.779553 0.044418 0.095847
1 0.013205 0.892971 0.024010 0.102236
1 0.137455 0.668530 0.039616 0.049521
1 0.138055 0.745208 0.031212 0.036741
1 0.325330 0.813099 0.026411 0.047923
1 0.340936 0.867412 0.036014 0.051118
1 0.399760 0.767572 0.040816 0.043131
1 0.548019 0.531150 0.042017 0.043131
1 0.717287 0.547125 0.044418 0.049521
1 0.926771 0.702077 0.074430 0.107029
1 0.772509 0.809105 0.056423 0.055911
1 0.862545 0.822684 0.039616 0.051118
1 0.865546 0.882588 0.060024 0.065495
1 0.954382 0.919329 0.052821 0.078275
1 0.545018 0.416933 0.036014 0.035144
1 0.465186 0.630192 0.039616 0.043131
1 0.462785 0.867412 0.044418 0.063898
1 0.444178 0.731629 0.036014 0.044728
1 0.871549 0.046326 0.043217 0.054313
1 0.640456 0.118211 0.070828 0.041534
1 0.593637 0.071885 0.025210 0.028754
1 0.887155 0.149361 0.031212 0.036741
1 0.956182 0.507188 0.087635 0.257188
