0 0.796519 0.172524 0.224490 0.290735
0 0.681273 0.041534 0.085234 0.079872
0 0.549220 0.054313 0.051621 0.070288
0 0.525210 0.198882 0.051621 0.078275
0 0.677671 0.262780 0.061224 0.091054
0 0.623649 0.268371 0.039616 0.063898
0 0.822929 0.497604 0.042017 0.062300
0 0.951381 0.075879 0.034814 0.052716
0 0.404562 0.109425 0.045618 0.071885
0 0.132653 0.587859 0.176471 0.210863
0 0.099640 0.413738 0.036014 0.051118
0 0.170468 0.242013 0.055222 0.071885
0 0.154262 0.330671 0.034814 0.044728
0 0.327731 0.415335 0.048019 0.057508
0 0.352341 0.377796 0.039616 0.049521
0 0.474190 0.680511 0.069628 0.099042
0 0.387755 0.631789 0.036014 0.052716
0 0.456182 0.594249 0.036014 0.044728
0 0.813926 0.726837 0.033613 0.051118
0 0.965186 0.739617 0.069628 0.127796
0 0.566026 0.411342 0.027611 0.039936
0 0.682473 0.460863 0.025210 0.036741
0 0.122449 0.738019 0.055222 0.070288
0 0.164466 0.703674 0.060024 0.084665
0 0.151861 0.905751 0.054022 0.060703
0 0.034814 0.916134 0.038415 0.052716
0 0.222689 0.837859 0.037215 0.068690
0 0.304322 0.853035 0.032413 0.070288
0 0.540216 0.952875 0.062425 0.062300
0 0.489196 0.960064 0.022809 0.041534
1 0.046218 0.027157 0.051621 0.051118
1 0.694478 0.785144 0.032413 0.039936
1 0.690276 0.844249 0.036014 0.046326
1 0.497599 0.504792 0.039616 0.070288
1 0.396158 0.496805 0.031212 0.051118
1 0.917767 0.366613 0.027611 0.062300
1 0.946579 0.354633 0.042017 0.044728
1 0.917167 0.464856 0.021609 0.035144
1 0.975990 0.490415 0.043217 0.051118
1 0.975390 0.441693 0.018007 0.033546
1 0.979592 0.296326 0.021609 0.043131
1 0.935174 0.650160 0.038415 0.051118
1 0.392557 0.284345 0.038415 0.057508
0 0.265306 0.316294 0.031212 0.044728
0 0.097239 0.186102 0.024010 0.036741
0 0.030012 0.295527 0.026411 0.035144
0 0.031813 0.369010 0.022809 0.035144
0 0.659664 0.612620 0.039616 0.055911
0 0.566026 0.683706 0.032413 0.047923
1 0.838535 0.964058 0.042017 0.043131
