0 0.517407 0.670927 0.158463 0.210863
0 0.306122 0.368211 0.036014 0.049521
0 0.521609 0.097444 0.051621 0.070288
0 0.750300 0.241214 0.040816 0.054313
0 0.815126 0.023163 0.033613 0.043131
0 0.325930 0.763578 0.049220 0.067093
1 0.884154 0.472843 0.049220 0.076677
0 0.035414 0.674920 0.044418 0.071885
0 0.641056 0.251597 0.024010 0.030351
0 0.162065 0.680511 0.031212 0.044728
0 0.188475 0.599042 0.045618 0.054313
1 0.037215 0.816294 0.031212 0.044728
0 0.664466 0.522364 0.039616 0.047923
0 0.476591 0.251597 0.033613 0.049521
0 0.687275 0.777955 0.039616 0.047923
