0 0.421369 0.765176 0.081633 0.086262
0 0.337335 0.385783 0.048019 0.065495
0 0.219088 0.419329 0.049220 0.055911
1 0.209484 0.668530 0.058824 0.055911
1 0.960984 0.428115 0.078031 0.083067
1 0.872149 0.139776 0.066026 0.055911
1 0.027611 0.795527 0.052821 0.140575
1 0.077431 0.944089 0.042017 0.057508
1 0.496999 0.944089 0.067227 0.070288
0 0.588836 0.884984 0.042017 0.063898
0 0.696879 0.904153 0.044418 0.060703
0 0.414766 0.094249 0.034814 0.041534
0 0.040816 0.104633 0.038415 0.065495
1 0.208884 0.104633 0.033613 0.062300
1 0.669268 0.103834 0.044418 0.083067
1 0.950780 0.612620 0.096038 0.154952
1 0.846939 0.676518 0.109244 0.142173
1 0.683073 0.584665 0.036014 0.067093
1 0.735894 0.434505 0.040816 0.067093
1 0.496399 0.373003 0.051621 0.084665
0 0.883553 0.371406 0.028812 0.068690
1 0.835534 0.503195 0.028812 0.044728
1 0.456783 0.277955 0.037215 0.057508
0 0.199280 0.337061 0.043217 0.067093
1 0.442977 0.628594 0.048019 0.081470
0 0.986795 0.921725 0.026411 0.095847
