0 0.794118 0.500799 0.411765 0.998403
0 0.581032 0.820288 0.062425 0.087859
0 0.678271 0.686102 0.019208 0.036741
0 0.588235 0.632588 0.026411 0.038339
0 0.778511 0.182907 0.025210 0.043131
0 0.675270 0.179712 0.034814 0.033546
0 0.579832 0.946486 0.036014 0.036741
0 0.481993 0.893770 0.027611 0.036741
0 0.516206 0.880192 0.031212 0.063898
0 0.429172 0.838658 0.037215 0.035144
0 0.402761 0.726837 0.042017 0.079872
0 0.336134 0.694089 0.050420 0.065495
0 0.321128 0.765974 0.039616 0.075080
0 0.272509 0.811502 0.038415 0.031949
0 0.289916 0.737220 0.054022 0.062300
0 0.238896 0.700479 0.026411 0.065495
0 0.052821 0.681310 0.074430 0.100639
0 0.081633 0.774760 0.045618 0.054313
0 0.136255 0.692492 0.039616 0.043131
0 0.100240 0.182109 0.198079 0.223642
0 0.086435 0.045527 0.050420 0.062300
0 0.216086 0.023163 0.028812 0.043131
0 0.307323 0.027157 0.048019 0.051118
0 0.414166 0.015974 0.026411 0.028754
0 0.343938 0.139776 0.049220 0.055911
0 0.328932 0.190895 0.040816 0.043131
0 0.439976 0.228435 0.027611 0.041534
0 0.398559 0.361022 0.040816 0.044728
0 0.427971 0.412141 0.066026 0.083067
0 0.495198 0.503195 0.037215 0.031949
0 0.590036 0.113419 0.020408 0.028754
0 0.603241 0.150958 0.027611 0.039936
0 0.268908 0.571885 0.038415 0.041534
0 0.264706 0.602236 0.027611 0.028754
0 0.278511 0.630192 0.033613 0.030351
0 0.281513 0.659744 0.027611 0.038339
0 0.378151 0.594249 0.028812 0.047923
0 0.501200 0.705272 0.030012 0.046326
0 0.432773 0.589457 0.030012 0.038339
0 0.393157 0.046326 0.022809 0.035144
0 0.396759 0.190096 0.034814 0.038339
0 0.081633 0.944089 0.028812 0.031949
0 0.072029 0.968051 0.024010 0.038339
0 0.160864 0.858626 0.031212 0.043131
0 0.815126 0.363419 0.024010 0.036741
0 0.783313 0.428115 0.027611 0.041534
0 0.750300 0.377796 0.031212 0.046326
0 0.781513 0.478435 0.031212 0.043131
0 0.638055 0.043131 0.049220 0.083067
0 0.196279 0.125399 0.034814 0.043131
0 0.061224 0.138978 0.033613 0.041534
