0 0.620648 0.062300 0.062425 0.083067
0 0.558824 0.087061 0.046819 0.062300
0 0.653061 0.023163 0.040816 0.043131
0 0.825330 0.267572 0.034814 0.052716
0 0.840336 0.349042 0.036014 0.055911
0 0.856543 0.395367 0.034814 0.052716
0 0.886555 0.343450 0.039616 0.051118
0 0.923169 0.315495 0.033613 0.046326
0 0.955582 0.256390 0.033613 0.046326
0 0.478992 0.208466 0.060024 0.126198
0 0.980792 0.816294 0.038415 0.166134
1 0.491597 0.527955 0.039616 0.059105
1 0.410564 0.455272 0.045618 0.063898
1 0.465786 0.456070 0.028812 0.039936
1 0.346339 0.481629 0.037215 0.055911
1 0.201080 0.694089 0.058824 0.078275
1 0.234094 0.813898 0.088836 0.107029
0 0.109844 0.964058 0.078031 0.071885
1 0.043818 0.194089 0.070828 0.100639
1 0.069028 0.335463 0.037215 0.054313
1 0.339136 0.024760 0.075630 0.046326
1 0.846339 0.065495 0.060024 0.057508
1 0.893157 0.484824 0.064826 0.087859
1 0.818727 0.847444 0.055222 0.071885
1 0.430372 0.764377 0.037215 0.052716
1 0.393157 0.816294 0.044418 0.060703
1 0.493397 0.855431 0.038415 0.049521
1 0.573830 0.579872 0.052821 0.089457
1 0.570228 0.308307 0.026411 0.028754
1 0.754502 0.425719 0.049220 0.052716
1 0.104442 0.519968 0.031212 0.046326
1 0.129052 0.369808 0.030012 0.046326
1 0.115246 0.663738 0.060024 0.081470
1 0.082233 0.750799 0.030012 0.025559
1 0.038415 0.820288 0.033613 0.043131
1 0.591236 0.757188 0.037215 0.051118
1 0.670468 0.757987 0.034814 0.043131
1 0.406963 0.613419 0.036014 0.044728
1 0.763505 0.670128 0.038415 0.046326
1 0.037215 0.463259 0.026411 0.031949
1 0.045618 0.529553 0.024010 0.033546
1 0.028211 0.565495 0.030012 0.044728
1 0.110444 0.257987 0.026411 0.036741
1 0.040216 0.080671 0.022809 0.033546
1 0.315126 0.144569 0.032413 0.036741
