0 0.182473 0.102236 0.052821 0.079872
0 0.159064 0.232428 0.058824 0.075080
0 0.820528 0.424920 0.032413 0.051118
0 0.839136 0.919329 0.067227 0.100639
0 0.969988 0.706070 0.052821 0.073482
0 0.279712 0.317891 0.045618 0.051118
0 0.290516 0.132588 0.024010 0.035144
1 0.932773 0.102236 0.040816 0.047923
1 0.782713 0.083067 0.040816 0.041534
1 0.803721 0.147764 0.042017 0.055911
1 0.675870 0.150958 0.040816 0.033546
1 0.617047 0.224441 0.024010 0.046326
1 0.639256 0.232428 0.027611 0.052716
1 0.635054 0.355431 0.026411 0.039936
1 0.703481 0.425719 0.050420 0.065495
1 0.787515 0.555112 0.036014 0.055911
1 0.496399 0.549521 0.032413 0.047923
1 0.417767 0.530351 0.036014 0.044728
1 0.337935 0.464058 0.042017 0.049521
1 0.221489 0.459265 0.056423 0.062300
1 0.279112 0.566294 0.046819 0.075080
1 0.073830 0.258786 0.037215 0.051118
1 0.045018 0.182907 0.051621 0.078275
1 0.029412 0.108626 0.037215 0.054313
1 0.235294 0.827476 0.038415 0.051118
1 0.184874 0.905751 0.045618 0.054313
1 0.107443 0.920927 0.037215 0.049521
1 0.732893 0.924121 0.032413 0.036741
0 0.958583 0.439297 0.058824 0.067093
0 0.887755 0.440895 0.039616 0.054313
0 0.984994 0.295527 0.030012 0.041534
0 0.935774 0.285144 0.015606 0.033546
0 0.874550 0.317093 0.025210 0.030351
0 0.903962 0.150160 0.024010 0.031949
0 0.485594 0.061502 0.020408 0.033546
0 0.031212 0.524760 0.024010 0.033546
0 0.019208 0.679712 0.024010 0.036741
0 0.496399 0.678115 0.032413 0.046326
0 0.507803 0.360224 0.028812 0.046326
1 0.642857 0.553514 0.037215 0.049521
1 0.675870 0.532748 0.033613 0.046326
1 0.601441 0.515176 0.021609 0.036741
1 0.590036 0.613419 0.027611 0.047923
1 0.647659 0.625399 0.037215 0.043131
1 0.604442 0.747604 0.025210 0.054313
1 0.270108 0.791534 0.026411 0.036741
1 0.349940 0.867412 0.030012 0.041534
1 0.330132 0.909744 0.026411 0.036741
1 0.408764 0.900958 0.034814 0.028754
1 0.375150 0.128594 0.037215 0.036741
1 0.258703 0.102236 0.034814 0.044728
1 0.086435 0.331470 0.033613 0.043131
1 0.050420 0.432109 0.060024 0.078275
1 0.103241 0.506390 0.052821 0.060703
1 0.055822 0.658946 0.027611 0.049521
1 0.136855 0.972045 0.060024 0.055911
0 0.756903 0.018371 0.054022 0.033546
