0 0.475990 0.078275 0.085234 0.108626
0 0.313926 0.113419 0.049220 0.063898
0 0.368547 0.492013 0.045618 0.060703
0 0.417167 0.530351 0.049220 0.057508
0 0.532413 0.738818 0.097239 0.126198
0 0.682473 0.509585 0.051621 0.054313
1 0.899160 0.492812 0.043217 0.059105
1 0.762905 0.447284 0.037215 0.060703
0 0.563025 0.309904 0.050420 0.051118
0 0.588836 0.247604 0.034814 0.051118
0 0.494598 0.242812 0.043217 0.057508
0 0.340936 0.355431 0.050420 0.055911
0 0.087035 0.869808 0.056423 0.071885
0 0.166867 0.159744 0.060024 0.076677
1 0.934574 0.106230 0.049220 0.065495
1 0.804322 0.709265 0.045618 0.054313
1 0.819328 0.797923 0.032413 0.049521
1 0.306122 0.630192 0.031212 0.043131
1 0.105642 0.615016 0.055222 0.054313
1 0.039016 0.774760 0.032413 0.031949
1 0.090036 0.037540 0.033613 0.049521
1 0.830132 0.128594 0.044418 0.055911
1 0.793517 0.148562 0.038415 0.063898
1 0.766507 0.214856 0.039616 0.043131
1 0.947779 0.454473 0.044418 0.059105
0 0.566627 0.970447 0.028812 0.036741
0 0.524010 0.887380 0.018007 0.027157
0 0.452581 0.871406 0.026411 0.030351
0 0.403962 0.904153 0.032413 0.057508
0 0.496999 0.629393 0.036014 0.047923
0 0.648860 0.571086 0.034814 0.049521
0 0.779112 0.568690 0.043217 0.054313
0 0.883553 0.843450 0.028812 0.047923
0 0.437575 0.198083 0.030012 0.038339
1 0.198079 0.759585 0.038415 0.046326
1 0.197479 0.900958 0.042017 0.063898
1 0.403962 0.829073 0.034814 0.038339
1 0.620648 0.462460 0.028812 0.039936
1 0.728691 0.414537 0.031212 0.039936
0 0.461585 0.455272 0.030012 0.051118
0 0.659064 0.204473 0.028812 0.035144
0 0.433974 0.103035 0.030012 0.030351
0 0.583433 0.104633 0.028812 0.036741
0 0.725090 0.023163 0.031212 0.030351
0 0.600840 0.055112 0.032413 0.039936
0 0.492797 0.338658 0.034814 0.044728
0 0.258103 0.190895 0.028812 0.052716
