0 0.579232 0.226038 0.157263 0.206070
0 0.250300 0.136581 0.082833 0.097444
0 0.124250 0.423323 0.063625 0.060703
0 0.094838 0.814696 0.055222 0.060703
0 0.327731 0.670128 0.040816 0.046326
1 0.966987 0.397764 0.051621 0.073482
1 0.387755 0.546326 0.052821 0.079872
1 0.311525 0.786741 0.073229 0.065495
1 0.164466 0.697284 0.064826 0.062300
1 0.267107 0.376997 0.058824 0.067093
1 0.876951 0.247604 0.066026 0.076677
1 0.975990 0.678914 0.048019 0.124601
1 0.812125 0.480032 0.054022 0.052716
1 0.626651 0.413738 0.062425 0.051118
0 0.123649 0.238019 0.043217 0.044728
0 0.339736 0.059105 0.036014 0.041534
1 0.210684 0.029553 0.039616 0.055911
0 0.017407 0.095048 0.032413 0.059105
1 0.680072 0.326677 0.039616 0.052716
1 0.546819 0.555911 0.049220 0.063898
1 0.211285 0.826677 0.052821 0.055911
1 0.727491 0.079073 0.043217 0.049521
0 0.493397 0.062300 0.036014 0.041534
0 0.483794 0.014377 0.028812 0.025559
1 0.381152 0.955272 0.080432 0.089457
1 0.907563 0.817891 0.057623 0.051118
1 0.847539 0.679712 0.057623 0.094249
0 0.435774 0.117412 0.028812 0.036741
1 0.799520 0.366613 0.036014 0.052716
0 0.316927 0.491214 0.033613 0.036741
0 0.538415 0.752396 0.042017 0.063898
