1 0.210084 0.283546 0.081633 0.100639
1 0.702281 0.474441 0.148860 0.137380
1 0.755702 0.144569 0.085234 0.097444
1 0.090036 0.693291 0.076831 0.102236
1 0.912965 0.379393 0.051621 0.084665
0 0.463385 0.928914 0.084034 0.097444
0 0.967587 0.834665 0.064826 0.119808
0 0.250900 0.961661 0.098439 0.076677
0 0.082833 0.325080 0.050420 0.071885
0 0.276711 0.330671 0.058824 0.070288
0 0.461585 0.306709 0.049220 0.060703
0 0.885354 0.664537 0.044418 0.054313
0 0.494598 0.695687 0.048019 0.059105
1 0.738896 0.701278 0.039616 0.067093
1 0.732893 0.595847 0.039616 0.060703
1 0.672869 0.789936 0.046819 0.055911
1 0.600840 0.956869 0.054022 0.086262
1 0.400960 0.551917 0.081633 0.091054
1 0.112845 0.591853 0.062425 0.065495
1 0.711285 0.380990 0.063625 0.075080
1 0.939376 0.522364 0.121248 0.156550
1 0.432173 0.181310 0.060024 0.062300
0 0.282713 0.715655 0.063625 0.070288
0 0.631453 0.369808 0.060024 0.059105
0 0.330732 0.840256 0.044418 0.060703
0 0.169868 0.872204 0.049220 0.060703
0 0.907563 0.947284 0.105642 0.105431
0 0.869148 0.053514 0.105642 0.097444
0 0.564226 0.694089 0.045618 0.055911
0 0.528812 0.500000 0.046819 0.057508
0 0.367347 0.452077 0.028812 0.041534
0 0.834934 0.673323 0.032413 0.059105
1 0.603241 0.184505 0.049220 0.071885
1 0.398559 0.912141 0.045618 0.070288
1 0.030012 0.762780 0.057623 0.138978
0 0.451981 0.400958 0.039616 0.051118
1 0.717287 0.257188 0.042017 0.070288
0 0.406963 0.028754 0.038415 0.054313
1 0.911765 0.079872 0.051621 0.073482
