0 0.451381 0.817891 0.499400 0.364217
0 0.475990 0.102236 0.049220 0.070288
0 0.430972 0.129393 0.055222 0.070288
0 0.417767 0.264377 0.036014 0.046326
0 0.381753 0.381789 0.040816 0.060703
0 0.346339 0.421725 0.056423 0.063898
0 0.259904 0.382588 0.044418 0.059105
0 0.082233 0.659744 0.039616 0.067093
0 0.057623 0.795527 0.052821 0.079872
0 0.076831 0.884984 0.038415 0.063898
0 0.551621 0.580671 0.046819 0.055911
0 0.834934 0.287540 0.046819 0.063898
1 0.949580 0.060703 0.060024 0.083067
1 0.737095 0.206070 0.045618 0.070288
1 0.507803 0.353035 0.045618 0.044728
1 0.497599 0.293131 0.030012 0.043131
1 0.028211 0.260383 0.044418 0.054313
1 0.099640 0.152556 0.043217 0.055911
1 0.175270 0.020767 0.052821 0.038339
1 0.340336 0.076677 0.051621 0.060703
1 0.472989 0.030351 0.062425 0.057508
1 0.962785 0.863419 0.045618 0.065495
1 0.027011 0.658946 0.046819 0.075080
1 0.043217 0.567891 0.060024 0.055911
1 0.670468 0.524760 0.056423 0.071885
