0 0.403962 0.254792 0.051621 0.059105
0 0.169868 0.381789 0.039616 0.047923
0 0.334334 0.178914 0.037215 0.063898
0 0.303721 0.483227 0.069628 0.059105
0 0.777911 0.391374 0.048019 0.051118
0 0.716086 0.262780 0.054022 0.068690
1 0.340936 0.952875 0.060024 0.078275
1 0.042017 0.673323 0.050420 0.049521
1 0.045018 0.734026 0.049220 0.075080
1 0.758103 0.595847 0.097239 0.124601
1 0.901561 0.821885 0.067227 0.135783
1 0.779112 0.761981 0.064826 0.079872
1 0.743097 0.841853 0.074430 0.086262
1 0.673469 0.946486 0.060024 0.071885
1 0.644058 0.571086 0.066026 0.071885
1 0.554622 0.250799 0.048019 0.054313
1 0.327731 0.679712 0.040816 0.030351
1 0.411164 0.752396 0.080432 0.102236
1 0.328932 0.717252 0.043217 0.054313
1 0.651261 0.094249 0.037215 0.035144
1 0.957983 0.130192 0.052821 0.068690
1 0.981993 0.198083 0.036014 0.067093
0 0.900360 0.474441 0.038415 0.063898
1 0.975390 0.466454 0.034814 0.070288
0 0.831333 0.500000 0.037215 0.035144
1 0.126651 0.646166 0.044418 0.052716
0 0.024610 0.050319 0.039616 0.043131
0 0.536014 0.516773 0.056423 0.071885
0 0.855942 0.695687 0.033613 0.046326
0 0.448980 0.850639 0.038415 0.049521
1 0.132053 0.893770 0.052821 0.081470
1 0.178271 0.822684 0.042017 0.067093
1 0.040816 0.129393 0.033613 0.051118
1 0.837335 0.083866 0.090036 0.087859
