0 0.267707 0.578275 0.052821 0.044728
0 0.423169 0.876997 0.063625 0.095847
0 0.251501 0.876997 0.025210 0.038339
0 0.144658 0.930511 0.037215 0.046326
0 0.110444 0.797923 0.033613 0.055911
0 0.070228 0.860224 0.037215 0.039936
0 0.029412 0.739617 0.037215 0.067093
0 0.021609 0.956070 0.036014 0.055911
0 0.423169 0.514377 0.054022 0.063898
0 0.896759 0.321885 0.038415 0.062300
0 0.836735 0.214058 0.055222 0.073482
0 0.306122 0.527955 0.040816 0.036741
0 0.151861 0.523962 0.034814 0.028754
0 0.304922 0.845048 0.038415 0.076677
0 0.905762 0.896965 0.054022 0.046326
0 0.651861 0.900958 0.045618 0.047923
0 0.567827 0.814696 0.043217 0.031949
0 0.549220 0.752396 0.034814 0.041534
0 0.130852 0.188498 0.036014 0.028754
0 0.191477 0.354633 0.032413 0.031949
0 0.191477 0.307508 0.022809 0.039936
0 0.256903 0.224441 0.040816 0.049521
0 0.771309 0.307508 0.037215 0.033546
0 0.851741 0.392173 0.051621 0.062300
0 0.853541 0.574281 0.036014 0.049521
0 0.765906 0.770767 0.031212 0.046326
0 0.736495 0.765176 0.020408 0.025559
0 0.560024 0.417732 0.018007 0.039936
0 0.567827 0.984026 0.045618 0.031949
0 0.914166 0.072684 0.061224 0.084665
0 0.099640 0.039936 0.033613 0.041534
0 0.047419 0.101438 0.030012 0.046326
0 0.015006 0.445687 0.027611 0.057508
0 0.106843 0.384984 0.028812 0.041534
0 0.103241 0.519968 0.031212 0.049521
0 0.293517 0.651757 0.039616 0.047923
0 0.244898 0.420927 0.043217 0.052716
0 0.219688 0.217252 0.021609 0.031949
0 0.175270 0.210863 0.019208 0.035144
0 0.017407 0.240415 0.018007 0.033546
0 0.512605 0.761182 0.033613 0.039936
0 0.357143 0.973642 0.042017 0.052716
0 0.774310 0.877796 0.031212 0.027157
0 0.255702 0.981629 0.038415 0.036741
0 0.560624 0.927316 0.024010 0.033546
0 0.942977 0.792332 0.022809 0.038339
0 0.990396 0.952875 0.019208 0.033546
0 0.370948 0.822684 0.050420 0.067093
0 0.756903 0.545527 0.022809 0.030351
0 0.864946 0.095847 0.022809 0.038339
0 0.112245 0.149361 0.032413 0.036741
0 0.133854 0.665335 0.039616 0.033546
0 0.590036 0.909744 0.018007 0.039936
0 0.030612 0.569489 0.027611 0.036741
0 0.021008 0.641374 0.020408 0.030351
0 0.919568 0.946486 0.040816 0.049521
0 0.683073 0.858626 0.024010 0.027157
0 0.809724 0.050319 0.018007 0.030351
