0 0.462185 0.030351 0.079232 0.057508
0 0.100840 0.615815 0.043217 0.039936
0 0.065426 0.686102 0.034814 0.049521
0 0.405762 0.522364 0.045618 0.060703
0 0.630252 0.980831 0.040816 0.038339
0 0.195078 0.982428 0.058824 0.035144
0 0.697479 0.789137 0.052821 0.044728
0 0.861945 0.660543 0.057623 0.078275
0 0.837335 0.507188 0.037215 0.046326
0 0.729892 0.364217 0.040816 0.067093
0 0.402761 0.388179 0.042017 0.054313
0 0.450780 0.200479 0.039616 0.052716
0 0.206483 0.387380 0.086435 0.110224
0 0.249100 0.361821 0.046819 0.049521
0 0.293517 0.235623 0.032413 0.039936
0 0.285714 0.701278 0.024010 0.025559
0 0.309124 0.719649 0.027611 0.036741
0 0.480792 0.903355 0.061224 0.046326
0 0.495198 0.948882 0.044418 0.051118
0 0.246098 0.616613 0.055222 0.044728
0 0.963986 0.296326 0.021609 0.030351
0 0.933974 0.277955 0.033613 0.035144
0 0.848139 0.182907 0.058824 0.084665
0 0.888956 0.053514 0.042017 0.046326
0 0.814526 0.016773 0.042017 0.030351
0 0.935174 0.725240 0.033613 0.060703
0 0.961585 0.808307 0.045618 0.063898
0 0.797119 0.892173 0.038415 0.036741
0 0.831933 0.862620 0.040816 0.057508
0 0.960984 0.952077 0.030012 0.047923
0 0.894958 0.503195 0.034814 0.051118
0 0.861345 0.475240 0.034814 0.046326
0 0.471789 0.622204 0.036014 0.043131
0 0.615246 0.256390 0.056423 0.062300
0 0.705882 0.149361 0.052821 0.059105
0 0.327731 0.918530 0.033613 0.031949
0 0.408163 0.900160 0.021609 0.036741
0 0.368547 0.662939 0.028812 0.035144
0 0.101441 0.347444 0.032413 0.033546
0 0.790516 0.806709 0.030012 0.028754
0 0.518607 0.396166 0.048019 0.031949
0 0.400960 0.151757 0.033613 0.031949
0 0.162665 0.154952 0.051621 0.038339
0 0.244298 0.182109 0.039616 0.051118
0 0.791717 0.694888 0.039616 0.067093
0 0.563625 0.779553 0.061224 0.083067
0 0.973589 0.346645 0.019208 0.041534
0 0.932173 0.420128 0.025210 0.051118
0 0.690276 0.825879 0.026411 0.038339
0 0.086435 0.796326 0.036014 0.049521
0 0.218487 0.691693 0.038415 0.031949
0 0.190276 0.557508 0.027611 0.022364
0 0.689076 0.245208 0.019208 0.036741
0 0.516807 0.144569 0.056423 0.046326
0 0.506603 0.239617 0.045618 0.035144
0 0.525210 0.301118 0.039616 0.039936
0 0.737695 0.477636 0.039616 0.070288
0 0.496999 0.445687 0.043217 0.044728
0 0.367947 0.362620 0.025210 0.038339
0 0.345738 0.335463 0.019208 0.031949
0 0.295318 0.271565 0.026411 0.031949
0 0.658463 0.686102 0.020408 0.023962
0 0.885954 0.597444 0.026411 0.041534
0 0.188475 0.115815 0.026411 0.027157
0 0.933974 0.313898 0.026411 0.039936
0 0.019208 0.700479 0.026411 0.033546
0 0.516807 0.675719 0.049220 0.054313
0 0.627851 0.047923 0.036014 0.035144
0 0.593637 0.738818 0.042017 0.059105
0 0.342137 0.304313 0.026411 0.030351
0 0.752101 0.833866 0.027611 0.041534
0 0.747299 0.723642 0.027611 0.047923
0 0.309124 0.435304 0.032413 0.030351
0 0.930972 0.075080 0.022809 0.022364
