1 0.109244 0.111022 0.100840 0.103834
1 0.689076 0.242013 0.067227 0.084665
1 0.763505 0.384185 0.060024 0.087859
1 0.855342 0.488019 0.051621 0.068690
1 0.980792 0.450479 0.038415 0.063898
1 0.980192 0.532748 0.039616 0.068690
1 0.921969 0.695687 0.043217 0.055911
0 0.982593 0.222843 0.034814 0.087859
0 0.629652 0.060703 0.039616 0.044728
0 0.439376 0.170128 0.052821 0.062300
0 0.327731 0.182907 0.031212 0.046326
0 0.232293 0.218051 0.034814 0.039936
0 0.303721 0.663738 0.444178 0.646965
0 0.413565 0.419329 0.054022 0.065495
0 0.486194 0.459265 0.040816 0.046326
0 0.453782 0.372204 0.036014 0.057508
0 0.111645 0.689297 0.043217 0.055911
0 0.122449 0.594249 0.038415 0.070288
0 0.083433 0.612620 0.039616 0.046326
0 0.051621 0.579872 0.033613 0.035144
0 0.043217 0.634185 0.031212 0.047923
0 0.124250 0.944089 0.044418 0.047923
0 0.178271 0.910543 0.046819 0.051118
0 0.151261 0.833866 0.031212 0.044728
0 0.223289 0.854633 0.045618 0.057508
0 0.322929 0.945687 0.067227 0.089457
0 0.385354 0.931310 0.045618 0.060703
0 0.417167 0.859425 0.039616 0.047923
0 0.432773 0.803514 0.032413 0.044728
0 0.413565 0.774760 0.022809 0.025559
0 0.427371 0.762780 0.024010 0.039936
0 0.423169 0.668530 0.032413 0.046326
0 0.417767 0.494409 0.038415 0.046326
0 0.444178 0.547125 0.036014 0.059105
0 0.507203 0.563898 0.025210 0.044728
0 0.523409 0.719649 0.024010 0.052716
0 0.148860 0.729233 0.031212 0.036741
0 0.179472 0.731629 0.039616 0.044728
0 0.175270 0.590256 0.033613 0.046326
0 0.240696 0.652556 0.030012 0.030351
0 0.249100 0.386581 0.020408 0.044728
0 0.271909 0.415335 0.030012 0.031949
1 0.587635 0.757188 0.039616 0.041534
1 0.638055 0.853834 0.054022 0.081470
1 0.680672 0.820288 0.031212 0.036741
1 0.738295 0.806709 0.024010 0.038339
1 0.811525 0.813898 0.028812 0.033546
1 0.979592 0.734026 0.033613 0.043131
1 0.954382 0.787540 0.016807 0.022364
1 0.343938 0.094249 0.034814 0.038339
1 0.371549 0.051118 0.025210 0.035144
1 0.333133 0.017572 0.032413 0.031949
1 0.114646 0.013578 0.034814 0.023962
1 0.087035 0.041534 0.025210 0.028754
1 0.075630 0.366613 0.040816 0.046326
1 0.123649 0.239617 0.043217 0.044728
1 0.193878 0.292332 0.032413 0.035144
1 0.304322 0.289936 0.030012 0.039936
1 0.739496 0.610224 0.033613 0.044728
1 0.713085 0.666933 0.036014 0.055911
1 0.789916 0.163738 0.028812 0.039936
1 0.757503 0.096645 0.028812 0.030351
1 0.748499 0.058307 0.037215 0.043131
1 0.648259 0.012780 0.036014 0.022364
1 0.858944 0.970447 0.042017 0.033546
1 0.934574 0.932907 0.025210 0.035144
1 0.617647 0.451278 0.030012 0.039936
