1 0.099640 0.136581 0.060024 0.075080
1 0.098439 0.052716 0.045618 0.057508
0 0.355942 0.464856 0.058824 0.067093
1 0.271309 0.559105 0.067227 0.089457
1 0.103241 0.663738 0.026411 0.046326
1 0.087635 0.818690 0.045618 0.046326
1 0.118848 0.904153 0.045618 0.063898
1 0.042617 0.955272 0.056423 0.067093
1 0.203481 0.849042 0.063625 0.065495
1 0.197479 0.677316 0.051621 0.070288
1 0.265906 0.876198 0.044418 0.049521
1 0.327131 0.848243 0.056423 0.054313
1 0.454382 0.883387 0.042017 0.044728
1 0.973589 0.781150 0.050420 0.057508
1 0.412365 0.618211 0.044418 0.057508
1 0.448379 0.599840 0.030012 0.046326
1 0.307923 0.928914 0.046819 0.055911
0 0.750300 0.341054 0.069628 0.091054
0 0.842137 0.375399 0.054022 0.076677
0 0.801921 0.480831 0.067227 0.092652
0 0.713085 0.428914 0.057623 0.055911
0 0.653061 0.571086 0.038415 0.052716
0 0.556423 0.770767 0.063625 0.097444
0 0.567827 0.888179 0.045618 0.054313
0 0.540216 0.923323 0.033613 0.038339
0 0.654862 0.931310 0.022809 0.031949
0 0.693878 0.805112 0.048019 0.054313
0 0.707683 0.964058 0.054022 0.071885
0 0.746098 0.912141 0.138055 0.162939
0 0.800720 0.865815 0.036014 0.041534
0 0.883553 0.757188 0.136855 0.156550
0 0.752701 0.664537 0.038415 0.044728
0 0.713685 0.671725 0.044418 0.043131
0 0.781513 0.712460 0.040816 0.035144
0 0.936375 0.562300 0.048019 0.041534
0 0.504802 0.400160 0.066026 0.094249
0 0.459784 0.478435 0.052821 0.062300
0 0.097239 0.480032 0.192077 0.263578
0 0.118848 0.474441 0.086435 0.108626
0 0.082233 0.522364 0.054022 0.057508
0 0.080432 0.575080 0.036014 0.031949
0 0.189676 0.270767 0.050420 0.055911
0 0.126651 0.318690 0.056423 0.068690
0 0.345138 0.204473 0.046819 0.054313
0 0.342737 0.243610 0.030012 0.039936
0 0.533613 0.131789 0.049220 0.068690
1 0.891957 0.115815 0.086435 0.107029
0 0.453181 0.031949 0.109244 0.060703
0 0.184274 0.202875 0.030012 0.038339
1 0.486795 0.696486 0.049220 0.063898
1 0.475390 0.654952 0.033613 0.038339
1 0.297119 0.808307 0.073229 0.054313
1 0.382953 0.631789 0.038415 0.059105
1 0.303721 0.365016 0.043217 0.052716
1 0.497599 0.266773 0.034814 0.054313
1 0.486795 0.224441 0.044418 0.039936
0 0.573830 0.075080 0.062425 0.070288
0 0.602041 0.120607 0.032413 0.036741
0 0.672869 0.137380 0.034814 0.038339
0 0.699880 0.146166 0.026411 0.033546
0 0.815726 0.077476 0.030012 0.043131
0 0.924970 0.316294 0.037215 0.035144
