0 0.749100 0.818690 0.501801 0.362620
0 0.953181 0.810703 0.052821 0.065495
0 0.984394 0.822684 0.031212 0.054313
0 0.480192 0.828275 0.103241 0.116613
0 0.579832 0.700479 0.036014 0.049521
0 0.633253 0.703674 0.032413 0.039936
0 0.704082 0.589457 0.068427 0.137380
0 0.815126 0.590256 0.062425 0.071885
0 0.640456 0.544728 0.056423 0.073482
0 0.606843 0.392971 0.049220 0.067093
0 0.774310 0.366613 0.103241 0.148562
0 0.545018 0.197284 0.028812 0.043131
0 0.066627 0.552716 0.034814 0.044728
0 0.303721 0.677316 0.033613 0.054313
0 0.363145 0.779553 0.034814 0.057508
0 0.942377 0.025559 0.040816 0.047923
1 0.112245 0.222843 0.049220 0.052716
1 0.299520 0.117412 0.044418 0.065495
1 0.349940 0.178115 0.046819 0.071885
1 0.447179 0.293131 0.049220 0.078275
1 0.369748 0.294728 0.028812 0.039936
1 0.298920 0.539936 0.060024 0.070288
1 0.210684 0.651757 0.034814 0.035144
1 0.135054 0.622204 0.034814 0.046326
1 0.116447 0.714856 0.048019 0.065495
1 0.197479 0.892971 0.090036 0.115016
1 0.274910 0.970447 0.033613 0.036741
1 0.606843 0.293131 0.049220 0.052716
1 0.661465 0.214058 0.031212 0.051118
1 0.897959 0.110224 0.021609 0.035144
1 0.901561 0.051118 0.033613 0.047923
1 0.869748 0.100639 0.025210 0.041534
1 0.743097 0.047923 0.033613 0.041534
1 0.616447 0.060703 0.049220 0.051118
1 0.171669 0.142173 0.043217 0.047923
1 0.057623 0.350639 0.050420 0.052716
1 0.101441 0.365016 0.025210 0.033546
1 0.165066 0.455272 0.042017 0.047923
1 0.210084 0.416134 0.055222 0.059105
1 0.018607 0.481629 0.034814 0.049521
1 0.011405 0.251597 0.020408 0.055911
0 0.893157 0.428115 0.031212 0.031949
0 0.857143 0.385783 0.028812 0.043131
0 0.855342 0.449681 0.049220 0.033546
0 0.822329 0.403355 0.031212 0.036741
0 0.768307 0.477636 0.038415 0.051118
0 0.845138 0.507188 0.043217 0.039936
0 0.872749 0.559904 0.028812 0.036741
0 0.978992 0.492812 0.042017 0.062300
0 0.976591 0.436901 0.030012 0.049521
0 0.680672 0.487220 0.038415 0.038339
0 0.500600 0.609425 0.057623 0.065495
0 0.861945 0.797923 0.028812 0.046326
