0 0.174670 0.060703 0.253301 0.118211
0 0.060024 0.529553 0.117647 0.215655
0 0.478992 0.444089 0.096038 0.143770
0 0.581032 0.341853 0.062425 0.108626
0 0.757503 0.359425 0.103241 0.143770
0 0.881152 0.203674 0.237695 0.349840
0 0.815726 0.927316 0.126050 0.145367
0 0.375750 0.718850 0.086435 0.108626
0 0.229292 0.317891 0.050420 0.070288
1 0.621248 0.034345 0.070828 0.065495
1 0.686074 0.023163 0.034814 0.043131
1 0.085834 0.187700 0.049220 0.078275
1 0.025810 0.348243 0.049220 0.092652
1 0.392557 0.930511 0.081633 0.094249
1 0.648860 0.783546 0.051621 0.094249
1 0.859544 0.572684 0.069628 0.081470
1 0.023409 0.742013 0.044418 0.059105
1 0.031813 0.978435 0.054022 0.043131
