1 0.642857 0.584665 0.082833 0.089457
1 0.854142 0.395367 0.066026 0.103834
1 0.908764 0.363419 0.050420 0.097444
0 0.674070 0.926518 0.042017 0.057508
0 0.317527 0.329073 0.066026 0.070288
0 0.096038 0.190895 0.038415 0.052716
0 0.025210 0.410543 0.038415 0.102236
0 0.107443 0.492812 0.046819 0.055911
0 0.260504 0.591054 0.033613 0.054313
0 0.621849 0.070288 0.038415 0.063898
1 0.460984 0.123802 0.117647 0.138978
1 0.222089 0.183706 0.052821 0.095847
1 0.145858 0.059904 0.039616 0.052716
1 0.061825 0.174920 0.034814 0.059105
1 0.453782 0.404952 0.043217 0.052716
1 0.837335 0.829073 0.051621 0.079872
1 0.615846 0.729233 0.045618 0.065495
1 0.891957 0.877796 0.036014 0.062300
1 0.830132 0.132588 0.063625 0.063898
1 0.402161 0.702077 0.045618 0.068690
1 0.469388 0.620607 0.038415 0.091054
1 0.207083 0.286741 0.046819 0.062300
0 0.239496 0.027955 0.032413 0.039936
0 0.266507 0.055911 0.031212 0.041534
0 0.645258 0.157348 0.030012 0.052716
0 0.676471 0.146166 0.025210 0.052716
0 0.744298 0.073482 0.033613 0.051118
0 0.704082 0.159744 0.022809 0.044728
0 0.892557 0.167732 0.039616 0.057508
0 0.227491 0.895367 0.022809 0.023962
0 0.201681 0.829872 0.024010 0.043131
1 0.551020 0.955272 0.026411 0.067093
1 0.945378 0.749201 0.051621 0.070288
1 0.618848 0.263578 0.061224 0.070288
1 0.594238 0.340256 0.055222 0.073482
1 0.950180 0.456869 0.044418 0.063898
1 0.921369 0.558307 0.034814 0.046326
1 0.804322 0.947284 0.084034 0.105431
