0 0.018007 0.047125 0.033613 0.091054
0 0.069028 0.100639 0.039616 0.054313
0 0.253301 0.199681 0.132053 0.146965
0 0.263505 0.414537 0.056423 0.062300
0 0.033613 0.226837 0.036014 0.051118
0 0.348739 0.074281 0.070828 0.078275
0 0.424370 0.050319 0.082833 0.078275
0 0.692077 0.246805 0.049220 0.065495
0 0.552221 0.410543 0.026411 0.047923
0 0.312125 0.497604 0.040816 0.049521
0 0.646459 0.778754 0.042017 0.036741
0 0.469988 0.764377 0.039616 0.059105
0 0.587035 0.950479 0.055222 0.083067
0 0.681873 0.883387 0.048019 0.054313
1 0.930972 0.072684 0.032413 0.075080
1 0.962185 0.242013 0.051621 0.087859
0 0.980192 0.534345 0.037215 0.065495
0 0.892557 0.576677 0.030012 0.054313
1 0.838535 0.402556 0.034814 0.070288
1 0.651861 0.640575 0.057623 0.063898
1 0.831333 0.856230 0.073229 0.063898
1 0.902761 0.781949 0.076831 0.062300
1 0.823529 0.974441 0.086435 0.051118
1 0.465186 0.527955 0.046819 0.052716
1 0.429172 0.607827 0.030012 0.052716
1 0.504802 0.591054 0.037215 0.067093
1 0.107443 0.718051 0.051621 0.071885
1 0.033613 0.713259 0.045618 0.065495
1 0.215486 0.584665 0.042017 0.063898
1 0.161465 0.519968 0.042017 0.052716
1 0.132653 0.568690 0.037215 0.044728
1 0.124850 0.384984 0.060024 0.054313
1 0.056423 0.556709 0.052821 0.062300
1 0.103241 0.025559 0.031212 0.047923
1 0.683673 0.474441 0.044418 0.051118
0 0.543818 0.482428 0.031212 0.047923
1 0.282113 0.769169 0.038415 0.062300
1 0.415366 0.738019 0.038415 0.060703
0 0.560624 0.034345 0.064826 0.065495
0 0.564226 0.309105 0.048019 0.052716
1 0.410564 0.456869 0.026411 0.044728
0 0.370348 0.959265 0.034814 0.052716
0 0.305522 0.874601 0.037215 0.062300
0 0.359544 0.859425 0.025210 0.025559
1 0.796519 0.333067 0.056423 0.049521
1 0.432773 0.127796 0.042017 0.057508
0 0.966387 0.958466 0.067227 0.083067
