1 0.039616 0.200479 0.067227 0.075080
1 0.099640 0.027157 0.038415 0.051118
1 0.549220 0.204473 0.030012 0.031949
1 0.637455 0.156550 0.028812 0.041534
1 0.680672 0.135783 0.021609 0.044728
1 0.700480 0.123003 0.022809 0.051118
1 0.832533 0.147764 0.042017 0.039936
1 0.867347 0.176518 0.027611 0.039936
1 0.870348 0.240415 0.026411 0.033546
1 0.842137 0.261981 0.042017 0.044728
1 0.627851 0.413738 0.060024 0.067093
0 0.635654 0.652556 0.046819 0.062300
1 0.676471 0.702077 0.049220 0.068690
0 0.666267 0.900160 0.048019 0.055911
1 0.887755 0.727636 0.025210 0.036741
1 0.942377 0.607827 0.043217 0.039936
1 0.977191 0.710064 0.045618 0.094249
1 0.102041 0.365815 0.043217 0.041534
1 0.036615 0.417732 0.032413 0.033546
1 0.292917 0.032748 0.038415 0.062300
1 0.427971 0.470447 0.044418 0.062300
1 0.493998 0.390575 0.044418 0.052716
0 0.481393 0.734026 0.038415 0.039936
0 0.449580 0.740415 0.025210 0.033546
1 0.951381 0.162939 0.025210 0.044728
0 0.822329 0.427316 0.021609 0.036741
0 0.923770 0.477636 0.034814 0.041534
0 0.893157 0.365016 0.021609 0.036741
0 0.923169 0.364217 0.028812 0.044728
0 0.948980 0.280351 0.022809 0.043131
0 0.983193 0.354633 0.024010 0.038339
0 0.187875 0.234026 0.025210 0.039936
0 0.327731 0.145367 0.028812 0.031949
0 0.063025 0.723642 0.030012 0.035144
