0 0.633253 0.480032 0.253301 0.375399
0 0.698079 0.613419 0.070828 0.076677
0 0.576230 0.500000 0.081633 0.086262
0 0.486194 0.398562 0.057623 0.065495
0 0.564226 0.287540 0.045618 0.070288
0 0.588235 0.214058 0.033613 0.063898
0 0.469988 0.220447 0.046819 0.047923
0 0.466987 0.145367 0.045618 0.063898
0 0.502401 0.102236 0.037215 0.054313
0 0.657863 0.067891 0.033613 0.046326
0 0.555222 0.023163 0.070828 0.043131
0 0.572629 0.048722 0.026411 0.030351
0 0.723890 0.100639 0.033613 0.044728
0 0.961585 0.330671 0.036014 0.047923
0 0.335534 0.713259 0.099640 0.100639
0 0.456182 0.789936 0.028812 0.039936
0 0.704682 0.945687 0.158463 0.108626
0 0.512005 0.946486 0.075630 0.107029
0 0.506603 0.982428 0.050420 0.035144
0 0.498800 0.929712 0.063625 0.067093
0 0.058824 0.778754 0.050420 0.081470
0 0.116447 0.789137 0.045618 0.070288
0 0.191477 0.115016 0.068427 0.086262
0 0.203481 0.273163 0.068427 0.067093
0 0.849940 0.976038 0.067227 0.047923
0 0.930972 0.904952 0.042017 0.046326
0 0.937575 0.972843 0.043217 0.047923
0 0.905162 0.802716 0.036014 0.039936
0 0.973589 0.843450 0.040816 0.057508
1 0.202281 0.444888 0.042017 0.049521
1 0.244898 0.414537 0.052821 0.052716
1 0.283914 0.347444 0.044418 0.059105
1 0.284514 0.491214 0.036014 0.039936
1 0.292917 0.440895 0.038415 0.041534
1 0.101441 0.428115 0.044418 0.041534
1 0.094838 0.361821 0.031212 0.036741
1 0.157863 0.357029 0.044418 0.052716
1 0.046218 0.479233 0.037215 0.079872
1 0.340336 0.590256 0.049220 0.055911
1 0.457983 0.572684 0.042017 0.052716
1 0.438175 0.654952 0.055222 0.076677
1 0.605042 0.798722 0.050420 0.079872
1 0.831333 0.103035 0.037215 0.049521
1 0.773709 0.067093 0.066026 0.063898
1 0.884754 0.186102 0.033613 0.043131
1 0.842137 0.216454 0.039616 0.052716
1 0.398559 0.078275 0.048019 0.051118
1 0.334934 0.067093 0.024010 0.054313
1 0.370948 0.027955 0.040816 0.052716
1 0.439976 0.023962 0.051621 0.044728
1 0.360744 0.193291 0.042017 0.038339
1 0.363745 0.257188 0.036014 0.044728
1 0.888956 0.448882 0.030012 0.054313
1 0.987995 0.511182 0.024010 0.060703
