0 0.191477 0.793131 0.051621 0.065495
0 0.906363 0.437700 0.091236 0.121406
0 0.083433 0.789936 0.042017 0.059105
0 0.149460 0.341054 0.034814 0.046326
0 0.213085 0.429712 0.037215 0.054313
0 0.500600 0.851438 0.036014 0.051118
0 0.773709 0.854633 0.044418 0.054313
0 0.599040 0.934505 0.028812 0.044728
0 0.284514 0.507188 0.024010 0.036741
0 0.019808 0.893770 0.037215 0.043131
0 0.839136 0.446486 0.021609 0.030351
0 0.776711 0.426518 0.031212 0.047923
0 0.576230 0.824281 0.026411 0.035144
0 0.559424 0.137380 0.223289 0.268371
