0 0.277911 0.088658 0.039616 0.043131
0 0.837335 0.187700 0.070828 0.097444
0 0.954982 0.612620 0.056423 0.068690
0 0.787515 0.873802 0.062425 0.079872
0 0.725690 0.943291 0.039616 0.055911
0 0.944178 0.833866 0.111645 0.124601
0 0.885354 0.910543 0.044418 0.083067
0 0.927971 0.956869 0.064826 0.086262
0 0.105042 0.488818 0.042017 0.067093
0 0.326531 0.976038 0.048019 0.047923
0 0.457383 0.981629 0.057623 0.036741
1 0.293517 0.813898 0.049220 0.071885
1 0.168067 0.555112 0.040816 0.036741
1 0.339736 0.223642 0.050420 0.070288
1 0.042617 0.138179 0.058824 0.078275
1 0.639856 0.083866 0.048019 0.052716
1 0.531212 0.968850 0.068427 0.062300
1 0.546218 0.713259 0.045618 0.049521
1 0.856543 0.455272 0.042017 0.063898
1 0.637455 0.665335 0.055222 0.068690
1 0.198679 0.602236 0.044418 0.057508
1 0.252701 0.293930 0.049220 0.057508
1 0.110444 0.394569 0.134454 0.121406
1 0.358944 0.380990 0.062425 0.087859
1 0.296519 0.532748 0.052821 0.065495
1 0.029412 0.655751 0.042017 0.068690
1 0.378151 0.714856 0.033613 0.049521
1 0.840936 0.070288 0.049220 0.051118
1 0.626050 0.524760 0.027611 0.043131
1 0.597839 0.571885 0.050420 0.057508
1 0.495198 0.632588 0.044418 0.067093
1 0.039016 0.910543 0.037215 0.070288
1 0.351140 0.472045 0.044418 0.065495
1 0.456783 0.750000 0.063625 0.046326
1 0.485594 0.795527 0.049220 0.067093
1 0.534814 0.774760 0.034814 0.051118
0 0.141657 0.115815 0.036014 0.052716
0 0.479592 0.470447 0.046819 0.062300
0 0.839136 0.636581 0.033613 0.059105
0 0.711285 0.710863 0.042017 0.057508
0 0.142857 0.763578 0.038415 0.044728
0 0.769508 0.311502 0.028812 0.031949
0 0.745498 0.468051 0.019208 0.031949
0 0.761104 0.441693 0.026411 0.039936
0 0.623049 0.375399 0.031212 0.044728
0 0.744298 0.208466 0.036014 0.062300
0 0.980192 0.072684 0.039616 0.062300
0 0.944778 0.486422 0.036014 0.065495
0 0.710084 0.598243 0.030012 0.059105
