0 0.276110 0.853035 0.237695 0.293930
0 0.256903 0.960863 0.081633 0.078275
0 0.381152 0.768371 0.042017 0.051118
0 0.557623 0.689297 0.090036 0.100639
0 0.597839 0.551118 0.062425 0.073482
0 0.647059 0.621406 0.052821 0.057508
0 0.850540 0.543930 0.068427 0.103834
0 0.869148 0.478435 0.043217 0.059105
0 0.798920 0.507188 0.037215 0.046326
0 0.759904 0.431310 0.038415 0.054313
0 0.169868 0.302716 0.085234 0.100639
0 0.174670 0.478435 0.054022 0.084665
0 0.259904 0.388179 0.030012 0.054313
0 0.067227 0.023962 0.036014 0.044728
0 0.092437 0.059904 0.043217 0.039936
0 0.024010 0.032748 0.036014 0.055911
0 0.070228 0.903355 0.070828 0.065495
0 0.050420 0.964856 0.052821 0.051118
0 0.753902 0.765974 0.028812 0.049521
0 0.861945 0.743610 0.276110 0.512780
1 0.406963 0.558307 0.038415 0.059105
1 0.809124 0.035942 0.052821 0.055911
1 0.962185 0.096645 0.030012 0.033546
1 0.481393 0.145367 0.043217 0.051118
1 0.547419 0.246805 0.057623 0.059105
1 0.593637 0.223642 0.030012 0.041534
1 0.589436 0.255591 0.028812 0.035144
1 0.526411 0.440096 0.049220 0.065495
1 0.423169 0.448083 0.039616 0.049521
1 0.424370 0.492812 0.032413 0.049521
1 0.329532 0.382588 0.049220 0.062300
1 0.397959 0.219649 0.051621 0.065495
1 0.112845 0.178115 0.036014 0.052716
1 0.040816 0.112620 0.048019 0.059105
1 0.059424 0.539137 0.039616 0.055911
1 0.051020 0.335463 0.037215 0.044728
1 0.346339 0.172524 0.039616 0.051118
1 0.591236 0.024760 0.034814 0.046326
1 0.652461 0.015974 0.058824 0.028754
1 0.824730 0.163738 0.036014 0.059105
1 0.173469 0.556709 0.032413 0.046326
1 0.198079 0.606230 0.033613 0.039936
1 0.309124 0.485623 0.037215 0.044728
1 0.325930 0.527157 0.039616 0.038339
1 0.245498 0.600639 0.032413 0.044728
0 0.951381 0.907348 0.039616 0.057508
0 0.958583 0.968850 0.030012 0.036741
0 0.859544 0.890575 0.048019 0.062300
1 0.198679 0.041534 0.034814 0.047923
1 0.286915 0.164537 0.028812 0.041534
1 0.211285 0.163738 0.040816 0.043131
0 0.561825 0.190096 0.040816 0.047923
0 0.456182 0.198882 0.040816 0.046326
0 0.424370 0.098243 0.027611 0.036741
0 0.393758 0.163738 0.028812 0.036741
0 0.336735 0.127796 0.032413 0.041534
0 0.280912 0.083866 0.031212 0.043131
0 0.324730 0.059105 0.051621 0.067093
0 0.466987 0.035144 0.036014 0.051118
0 0.704082 0.407348 0.030012 0.047923
0 0.685474 0.420128 0.028812 0.035144
0 0.672869 0.446486 0.025210 0.033546
0 0.690276 0.484824 0.033613 0.043131
0 0.710684 0.611821 0.031212 0.047923
0 0.629652 0.757188 0.032413 0.051118
0 0.463385 0.857029 0.043217 0.049521
0 0.468788 0.803514 0.044418 0.057508
0 0.451981 0.910543 0.046819 0.054313
0 0.374550 0.650160 0.048019 0.057508
0 0.079232 0.753195 0.028812 0.036741
0 0.106843 0.769968 0.033613 0.057508
0 0.127251 0.872204 0.026411 0.047923
0 0.146459 0.890575 0.031212 0.055911
0 0.453782 0.347444 0.031212 0.039936
