0 0.438776 0.315495 0.061224 0.091054
0 0.536615 0.571885 0.057623 0.108626
0 0.561825 0.432109 0.026411 0.055911
0 0.585834 0.359425 0.043217 0.060703
0 0.117047 0.513578 0.054022 0.075080
0 0.100840 0.407348 0.043217 0.086262
0 0.102641 0.322684 0.030012 0.073482
0 0.016807 0.260383 0.028812 0.038339
0 0.012005 0.232428 0.021609 0.046326
0 0.027011 0.163738 0.025210 0.052716
0 0.060624 0.133387 0.025210 0.036741
0 0.209484 0.180511 0.027611 0.041534
0 0.217887 0.277955 0.046819 0.051118
0 0.380552 0.230032 0.040816 0.057508
0 0.394358 0.450479 0.042017 0.067093
0 0.340936 0.507188 0.031212 0.043131
0 0.310324 0.567093 0.030012 0.051118
0 0.072029 0.829073 0.036014 0.054313
0 0.208884 0.955272 0.052821 0.076677
0 0.276110 0.941693 0.064826 0.078275
0 0.155462 0.888978 0.034814 0.043131
0 0.260504 0.774760 0.045618 0.057508
0 0.298319 0.756390 0.037215 0.046326
0 0.375750 0.694089 0.048019 0.059105
0 0.548019 0.940895 0.075630 0.108626
0 0.433373 0.888978 0.050420 0.062300
0 0.494598 0.799521 0.038415 0.059105
0 0.373950 0.611022 0.037215 0.055911
0 0.693277 0.838658 0.039616 0.073482
0 0.725690 0.882588 0.046819 0.033546
0 0.843938 0.882588 0.064826 0.100639
0 0.928571 0.908147 0.056423 0.062300
0 0.938776 0.632588 0.074430 0.060703
0 0.770708 0.138179 0.052821 0.075080
0 0.938776 0.379393 0.072029 0.081470
0 0.921369 0.559105 0.030012 0.041534
0 0.975990 0.032748 0.048019 0.062300
0 0.901561 0.205272 0.040816 0.055911
0 0.764706 0.322684 0.036014 0.044728
0 0.975390 0.162939 0.049220 0.134185
0 0.976591 0.488019 0.030012 0.039936
0 0.921969 0.456869 0.031212 0.051118
0 0.627851 0.563898 0.031212 0.044728
0 0.595438 0.530351 0.024010 0.044728
0 0.450780 0.397764 0.046819 0.073482
0 0.466987 0.628594 0.048019 0.078275
0 0.144058 0.184505 0.033613 0.033546
0 0.586435 0.208466 0.030012 0.036741
0 0.791717 0.531150 0.039616 0.049521
0 0.742497 0.539137 0.037215 0.036741
0 0.843337 0.621406 0.030012 0.041534
0 0.803721 0.634984 0.025210 0.039936
0 0.785114 0.746006 0.033613 0.044728
0 0.827731 0.746006 0.034814 0.047923
0 0.808523 0.230032 0.022809 0.047923
0 0.837935 0.256390 0.024010 0.030351
0 0.769508 0.200479 0.031212 0.043131
0 0.921369 0.066294 0.046819 0.059105
0 0.271309 0.469649 0.024010 0.038339
0 0.158463 0.622204 0.038415 0.039936
0 0.111044 0.670927 0.020408 0.047923
0 0.531212 0.252396 0.034814 0.051118
0 0.470588 0.198882 0.019208 0.052716
0 0.614646 0.671725 0.019208 0.039936
0 0.637455 0.531949 0.043217 0.038339
0 0.109244 0.585463 0.036014 0.055911
0 0.073830 0.604633 0.022809 0.030351
0 0.022809 0.829073 0.036014 0.041534
0 0.196879 0.792332 0.033613 0.051118
0 0.213685 0.837061 0.028812 0.047923
0 0.534214 0.172524 0.033613 0.028754
0 0.054022 0.231629 0.031212 0.044728
0 0.714286 0.179712 0.036014 0.036741
0 0.951981 0.313099 0.026411 0.031949
0 0.929172 0.237220 0.028812 0.039936
0 0.163866 0.354633 0.046819 0.067093
