0 0.312125 0.197284 0.098439 0.123003
0 0.658463 0.109425 0.061224 0.052716
0 0.796519 0.898562 0.219688 0.202875
0 0.948980 0.551118 0.051621 0.095847
0 0.826531 0.638179 0.044418 0.084665
0 0.959784 0.419329 0.061224 0.097444
0 0.924370 0.242812 0.067227 0.115016
0 0.655462 0.291534 0.052821 0.071885
0 0.551020 0.571086 0.067227 0.087859
0 0.384754 0.659744 0.042017 0.041534
0 0.150660 0.888978 0.049220 0.052716
0 0.254502 0.542332 0.048019 0.059105
0 0.595438 0.350639 0.043217 0.052716
0 0.819328 0.281949 0.034814 0.055911
0 0.852941 0.232428 0.058824 0.049521
0 0.669868 0.618211 0.060024 0.073482
0 0.634454 0.859425 0.070828 0.092652
0 0.407563 0.900958 0.054022 0.063898
0 0.554022 0.675719 0.039616 0.047923
0 0.387755 0.590256 0.045618 0.075080
0 0.271309 0.673323 0.040816 0.046326
0 0.094238 0.920927 0.042017 0.078275
1 0.179472 0.572684 0.030012 0.036741
1 0.201080 0.619010 0.030012 0.049521
1 0.090036 0.321086 0.040816 0.063898
1 0.105642 0.249201 0.050420 0.067093
1 0.406363 0.349840 0.037215 0.041534
0 0.951981 0.817891 0.040816 0.079872
0 0.620048 0.523163 0.027611 0.043131
0 0.937575 0.123802 0.100840 0.081470
0 0.641056 0.721246 0.043217 0.049521
0 0.675870 0.770767 0.045618 0.033546
0 0.361945 0.884984 0.030012 0.057508
