0 0.489196 0.549521 0.039616 0.073482
0 0.759904 0.044728 0.060024 0.083067
0 0.237095 0.335463 0.037215 0.047923
0 0.294718 0.897764 0.044418 0.070288
0 0.492797 0.931310 0.044418 0.051118
0 0.527011 0.849840 0.050420 0.067093
0 0.349340 0.758786 0.028812 0.044728
0 0.180672 0.797125 0.046819 0.047923
0 0.211285 0.958466 0.033613 0.038339
0 0.182473 0.979233 0.043217 0.041534
0 0.149460 0.607827 0.034814 0.033546
0 0.163265 0.724441 0.038415 0.036741
0 0.534214 0.103035 0.093637 0.100639
0 0.592437 0.023163 0.061224 0.043131
0 0.768307 0.702077 0.048019 0.071885
0 0.030012 0.317093 0.033613 0.039936
0 0.018007 0.140575 0.033613 0.054313
0 0.184274 0.180511 0.037215 0.047923
0 0.176471 0.135783 0.033613 0.031949
0 0.279112 0.161342 0.044418 0.051118
0 0.310924 0.090256 0.026411 0.030351
0 0.066026 0.566294 0.033613 0.055911
0 0.098439 0.535942 0.031212 0.049521
0 0.091837 0.672524 0.037215 0.044728
0 0.124850 0.797125 0.033613 0.035144
0 0.965786 0.714058 0.039616 0.060703
0 0.966387 0.813099 0.036014 0.060703
0 0.878151 0.829073 0.034814 0.038339
0 0.606242 0.844249 0.040816 0.052716
0 0.632653 0.422524 0.038415 0.049521
0 0.534814 0.242812 0.032413 0.051118
0 0.250900 0.619010 0.036014 0.027157
0 0.418367 0.901757 0.039616 0.030351
0 0.267707 0.797923 0.031212 0.062300
0 0.959784 0.968051 0.034814 0.035144
0 0.624850 0.327476 0.056423 0.041534
0 0.651861 0.282748 0.055222 0.060703
0 0.804922 0.318690 0.044418 0.052716
0 0.030612 0.665335 0.030012 0.027157
0 0.088235 0.904952 0.039616 0.033546
0 0.159664 0.922524 0.033613 0.033546
0 0.564226 0.706070 0.021609 0.038339
0 0.151861 0.390575 0.032413 0.030351
0 0.076831 0.325080 0.028812 0.043131
0 0.483794 0.488818 0.028812 0.041534
0 0.759304 0.462460 0.034814 0.055911
0 0.801321 0.566294 0.042017 0.052716
0 0.674670 0.660543 0.033613 0.049521
0 0.696879 0.656550 0.027611 0.035144
0 0.589436 0.678914 0.031212 0.038339
0 0.529412 0.697284 0.026411 0.033546
0 0.077431 0.863419 0.025210 0.033546
0 0.154262 0.865815 0.018007 0.031949
0 0.430972 0.776358 0.038415 0.044728
0 0.477191 0.773962 0.032413 0.036741
0 0.697479 0.739617 0.026411 0.044728
0 0.950180 0.207668 0.037215 0.054313
0 0.933974 0.660543 0.028812 0.033546
0 0.354142 0.495208 0.028812 0.041534
0 0.439976 0.260383 0.027611 0.051118
0 0.364946 0.522364 0.028812 0.035144
0 0.169868 0.507188 0.030012 0.027157
0 0.527611 0.364217 0.044418 0.051118
0 0.601441 0.473642 0.033613 0.036741
0 0.572629 0.472843 0.021609 0.041534
0 0.481393 0.448083 0.028812 0.027157
0 0.694478 0.415335 0.025210 0.022364
0 0.711285 0.325080 0.030012 0.033546
0 0.707683 0.299521 0.030012 0.033546
0 0.686675 0.182109 0.024010 0.035144
0 0.738896 0.115815 0.034814 0.036741
0 0.657863 0.045527 0.033613 0.036741
0 0.456182 0.055911 0.028812 0.025559
0 0.618848 0.122204 0.025210 0.030351
0 0.038415 0.706070 0.019208 0.041534
0 0.872749 0.797125 0.028812 0.028754
0 0.815726 0.800319 0.027611 0.041534
0 0.918968 0.709265 0.025210 0.031949
0 0.775510 0.218051 0.024010 0.030351
0 0.721489 0.208466 0.021609 0.030351
0 0.895558 0.067093 0.024010 0.044728
0 0.370948 0.337061 0.026411 0.038339
0 0.408163 0.036741 0.045618 0.047923
0 0.471188 0.639776 0.030012 0.039936
0 0.456783 0.982428 0.022809 0.031949
0 0.732893 0.928914 0.049220 0.075080
0 0.445378 0.952077 0.024010 0.028754
0 0.193277 0.605431 0.016807 0.035144
0 0.946579 0.924121 0.042017 0.059105
0 0.448379 0.434505 0.030012 0.044728
0 0.474790 0.322684 0.030012 0.038339
0 0.512605 0.503994 0.026411 0.039936
0 0.886555 0.182109 0.037215 0.051118
0 0.642257 0.192492 0.026411 0.036741
0 0.640456 0.238019 0.032413 0.031949
0 0.619448 0.209265 0.024010 0.041534
0 0.108643 0.353834 0.025210 0.030351
0 0.951981 0.265974 0.024010 0.046326
0 0.926771 0.635783 0.036014 0.028754
