0 0.104442 0.818690 0.139256 0.123003
0 0.076831 0.720447 0.050420 0.067093
0 0.156663 0.533546 0.070828 0.086262
0 0.327131 0.647764 0.073229 0.100639
0 0.279712 0.736422 0.050420 0.041534
0 0.463986 0.540735 0.049220 0.062300
0 0.449580 0.666933 0.049220 0.059105
0 0.426170 0.691693 0.045618 0.044728
0 0.679472 0.630990 0.110444 0.118211
0 0.681873 0.450479 0.067227 0.095847
0 0.738295 0.515974 0.045618 0.054313
0 0.520408 0.793930 0.073229 0.060703
0 0.041417 0.969649 0.042017 0.044728
0 0.704682 0.888978 0.033613 0.052716
0 0.374550 0.096645 0.067227 0.065495
0 0.117647 0.339457 0.038415 0.046326
0 0.103842 0.383387 0.034814 0.031949
0 0.030012 0.413738 0.031212 0.038339
0 0.174070 0.151757 0.038415 0.041534
0 0.228091 0.109425 0.036014 0.039936
0 0.964586 0.064696 0.068427 0.078275
0 0.744898 0.377796 0.022809 0.043131
0 0.660264 0.155751 0.043217 0.075080
0 0.858944 0.021565 0.042017 0.039936
0 0.913565 0.481629 0.038415 0.055911
0 0.872749 0.488818 0.026411 0.060703
0 0.800720 0.532748 0.031212 0.033546
0 0.401561 0.545527 0.046819 0.049521
0 0.612845 0.365815 0.039616 0.044728
0 0.018607 0.142173 0.034814 0.044728
0 0.375750 0.490415 0.028812 0.031949
0 0.638655 0.940096 0.028812 0.043131
0 0.666267 0.856230 0.033613 0.054313
0 0.457383 0.186901 0.036014 0.031949
0 0.453181 0.147764 0.015606 0.033546
0 0.542617 0.344249 0.031212 0.052716
0 0.088235 0.564696 0.034814 0.027157
0 0.535414 0.721246 0.028812 0.027157
0 0.437575 0.392173 0.037215 0.043131
0 0.407563 0.312300 0.037215 0.027157
0 0.422569 0.341853 0.031212 0.028754
0 0.315126 0.396965 0.025210 0.039936
0 0.226291 0.384185 0.034814 0.033546
0 0.100240 0.047125 0.037215 0.030351
0 0.542017 0.051118 0.032413 0.035144
0 0.515606 0.071885 0.027611 0.041534
0 0.615846 0.043930 0.024010 0.036741
0 0.726891 0.064696 0.022809 0.033546
0 0.850540 0.109425 0.051621 0.046326
0 0.714886 0.302716 0.027611 0.036741
0 0.854742 0.317891 0.024010 0.031949
0 0.088836 0.960863 0.028812 0.027157
0 0.067827 0.988019 0.020408 0.023962
0 0.612845 0.776358 0.027611 0.035144
0 0.755102 0.885783 0.033613 0.033546
0 0.637455 0.769968 0.028812 0.028754
0 0.498199 0.662141 0.033613 0.036741
0 0.275510 0.640575 0.025210 0.038339
0 0.246699 0.614217 0.030012 0.036741
0 0.128451 0.674920 0.036014 0.039936
0 0.158463 0.472843 0.028812 0.028754
0 0.521008 0.571086 0.021609 0.027157
0 0.516807 0.485623 0.037215 0.051118
0 0.586435 0.213259 0.037215 0.036741
0 0.434574 0.268371 0.019208 0.031949
0 0.252101 0.159744 0.028812 0.041534
0 0.221489 0.183706 0.022809 0.035144
0 0.977791 0.574281 0.044418 0.046326
0 0.945978 0.904153 0.028812 0.038339
0 0.983193 0.836262 0.024010 0.027157
0 0.911765 0.662141 0.030012 0.039936
0 0.984994 0.617412 0.022809 0.033546
0 0.947179 0.357029 0.028812 0.036741
0 0.869748 0.406550 0.020408 0.033546
0 0.678872 0.349042 0.027611 0.036741
0 0.308523 0.925719 0.026411 0.043131
0 0.387155 0.389776 0.020408 0.028754
0 0.188475 0.281949 0.026411 0.030351
0 0.805522 0.303514 0.028812 0.044728
0 0.736495 0.237220 0.020408 0.023962
0 0.731092 0.266773 0.024010 0.031949
0 0.315726 0.440096 0.019208 0.030351
0 0.273709 0.427316 0.024010 0.033546
0 0.091837 0.540735 0.030012 0.023962
0 0.160264 0.616613 0.020408 0.025559
0 0.065426 0.658147 0.030012 0.028754
0 0.060024 0.863419 0.024010 0.030351
0 0.189676 0.909744 0.048019 0.049521
0 0.912965 0.135783 0.027611 0.038339
0 0.307923 0.118211 0.034814 0.031949
0 0.901561 0.218850 0.021609 0.038339
0 0.220288 0.056709 0.027611 0.027157
0 0.318727 0.071885 0.020408 0.035144
0 0.536615 0.257987 0.028812 0.039936
0 0.607443 0.839457 0.026411 0.027157
0 0.433974 0.950479 0.027611 0.025559
0 0.259304 0.286741 0.026411 0.027157
0 0.594838 0.413738 0.025210 0.028754
0 0.591837 0.463259 0.024010 0.022364
0 0.549220 0.015974 0.025210 0.022364
