0 0.243697 0.155751 0.045618 0.049521
0 0.162065 0.299521 0.033613 0.055911
0 0.020408 0.416134 0.031212 0.039936
0 0.105042 0.592652 0.037215 0.054313
0 0.104442 0.682109 0.036014 0.035144
0 0.040816 0.862620 0.043217 0.067093
0 0.217287 0.671725 0.033613 0.036741
0 0.192077 0.564696 0.033613 0.036741
0 0.196879 0.488019 0.031212 0.033546
0 0.233493 0.483227 0.044418 0.052716
0 0.232293 0.760383 0.042017 0.041534
0 0.155462 0.849840 0.030012 0.041534
0 0.135054 0.899361 0.037215 0.051118
0 0.255102 0.973642 0.054022 0.052716
0 0.339136 0.733227 0.046819 0.051118
0 0.484994 0.769169 0.043217 0.055911
0 0.454982 0.776358 0.021609 0.044728
0 0.351140 0.649361 0.042017 0.049521
0 0.370948 0.436102 0.033613 0.063898
0 0.412365 0.419329 0.046819 0.059105
0 0.414766 0.357029 0.037215 0.046326
0 0.313325 0.282748 0.028812 0.044728
0 0.339136 0.107029 0.032413 0.051118
0 0.346339 0.186102 0.027611 0.036741
0 0.467587 0.121406 0.030012 0.038339
0 0.487395 0.046326 0.021609 0.044728
0 0.523409 0.396965 0.057623 0.078275
0 0.583433 0.297125 0.040816 0.060703
0 0.466387 0.273962 0.022809 0.036741
0 0.471188 0.587859 0.027611 0.035144
0 0.490396 0.543930 0.044418 0.059105
0 0.527611 0.551917 0.030012 0.055911
0 0.507203 0.600639 0.027611 0.041534
0 0.519808 0.661342 0.031212 0.044728
0 0.567827 0.669329 0.048019 0.089457
0 0.555222 0.575080 0.027611 0.041534
0 0.623049 0.586262 0.045618 0.057508
0 0.667467 0.583067 0.033613 0.054313
0 0.606242 0.788339 0.028812 0.049521
0 0.570228 0.810703 0.036014 0.046326
0 0.556423 0.828275 0.037215 0.036741
0 0.542017 0.842652 0.025210 0.052716
0 0.484994 0.880990 0.079232 0.081470
0 0.411765 0.895367 0.021609 0.030351
0 0.417767 0.759585 0.031212 0.036741
0 0.380552 0.852236 0.031212 0.030351
0 0.348139 0.814696 0.033613 0.031949
0 0.745498 0.283546 0.050420 0.062300
0 0.612245 0.181310 0.043217 0.046326
0 0.136855 0.277157 0.019208 0.027157
0 0.764706 0.211661 0.033613 0.030351
0 0.729892 0.224441 0.036014 0.033546
0 0.878752 0.250799 0.033613 0.063898
0 0.848139 0.244409 0.034814 0.041534
0 0.875750 0.206070 0.025210 0.038339
0 0.942377 0.392971 0.043217 0.057508
0 0.861945 0.359425 0.038415 0.041534
0 0.738896 0.404952 0.044418 0.046326
0 0.753902 0.490415 0.028812 0.044728
0 0.714286 0.553514 0.033613 0.036741
0 0.716687 0.640575 0.021609 0.035144
0 0.678271 0.847444 0.033613 0.059105
0 0.668067 0.743610 0.034814 0.046326
0 0.710684 0.787540 0.031212 0.035144
0 0.858343 0.665335 0.038415 0.052716
0 0.788115 0.676518 0.025210 0.046326
0 0.626050 0.391374 0.039616 0.038339
0 0.920768 0.617412 0.043217 0.043131
0 0.978992 0.571086 0.030012 0.039936
0 0.819328 0.738818 0.027611 0.036741
0 0.773109 0.762780 0.038415 0.071885
0 0.802521 0.895367 0.063625 0.081470
0 0.755702 0.956070 0.039616 0.052716
0 0.726891 0.886581 0.037215 0.038339
0 0.896158 0.969649 0.049220 0.060703
0 0.590636 0.952077 0.038415 0.044728
0 0.545018 0.912141 0.038415 0.057508
0 0.645258 0.980831 0.032413 0.038339
0 0.692677 0.963259 0.031212 0.038339
0 0.924970 0.786741 0.030012 0.033546
0 0.888355 0.755591 0.026411 0.031949
0 0.767707 0.657348 0.018007 0.039936
0 0.795318 0.535942 0.039616 0.033546
0 0.931573 0.662141 0.031212 0.036741
0 0.976591 0.319489 0.034814 0.054313
0 0.465186 0.669329 0.025210 0.028754
0 0.648259 0.105431 0.031212 0.025559
0 0.635054 0.027157 0.024010 0.028754
0 0.606242 0.100639 0.028812 0.038339
0 0.267107 0.214856 0.070828 0.062300
0 0.019208 0.190096 0.036014 0.060703
0 0.579232 0.087859 0.020408 0.031949
0 0.318727 0.840256 0.025210 0.035144
0 0.893758 0.128594 0.018007 0.030351
0 0.852941 0.922524 0.027611 0.030351
0 0.412365 0.718051 0.042017 0.036741
0 0.809124 0.182907 0.028812 0.033546
0 0.121849 0.765974 0.030012 0.020767
0 0.228091 0.841054 0.021609 0.033546
0 0.737095 0.594249 0.026411 0.038339
0 0.648259 0.327476 0.031212 0.038339
0 0.714886 0.446486 0.020408 0.036741
0 0.567827 0.503994 0.031212 0.030351
0 0.914766 0.552716 0.036014 0.044728
0 0.651261 0.839457 0.020408 0.030351
