0 0.312125 0.238818 0.062425 0.081470
0 0.086435 0.931310 0.067227 0.102236
0 0.669868 0.924920 0.040816 0.057508
0 0.064826 0.276358 0.062425 0.092652
0 0.380552 0.048722 0.028812 0.043131
0 0.212485 0.142173 0.031212 0.041534
0 0.197479 0.862620 0.066026 0.083067
1 0.978992 0.495208 0.025210 0.038339
0 0.788715 0.087859 0.036014 0.051118
0 0.343337 0.142173 0.028812 0.041534
0 0.382953 0.361821 0.031212 0.039936
1 0.082833 0.581470 0.040816 0.047923
0 0.430972 0.071885 0.031212 0.041534
0 0.652461 0.246006 0.037215 0.051118
0 0.433974 0.319489 0.032413 0.044728
