0 0.066627 0.898562 0.130852 0.164537
0 0.915366 0.474441 0.056423 0.076677
0 0.481993 0.664537 0.042017 0.054313
0 0.299520 0.170128 0.039616 0.055911
0 0.178872 0.837061 0.036014 0.051118
0 0.392557 0.955272 0.038415 0.051118
0 0.923770 0.070288 0.042017 0.054313
0 0.243697 0.507188 0.026411 0.039936
1 0.435774 0.206869 0.028812 0.039936
1 0.647659 0.783546 0.073229 0.091054
1 0.510204 0.391374 0.033613 0.051118
1 0.834934 0.023163 0.030012 0.043131
0 0.070228 0.732428 0.027611 0.030351
0 0.414166 0.654952 0.028812 0.035144
0 0.334334 0.634984 0.027611 0.039936
0 0.985594 0.357827 0.028812 0.038339
0 0.299520 0.779553 0.034814 0.041534
