0 0.376351 0.274760 0.094838 0.150160
0 0.506603 0.110224 0.050420 0.079872
0 0.525810 0.317891 0.079232 0.102236
0 0.750900 0.306709 0.068427 0.083067
0 0.953782 0.166933 0.044418 0.078275
1 0.648860 0.948882 0.080432 0.086262
0 0.914166 0.920927 0.039616 0.065495
0 0.149460 0.860224 0.070828 0.075080
0 0.310924 0.696486 0.050420 0.041534
0 0.453782 0.482428 0.060024 0.057508
0 0.329532 0.412141 0.034814 0.054313
0 0.093037 0.474441 0.051621 0.060703
0 0.022809 0.054313 0.040816 0.067093
0 0.099640 0.028754 0.048019 0.035144
0 0.249100 0.114217 0.042017 0.055911
1 0.215486 0.190096 0.027611 0.054313
1 0.379352 0.861821 0.050420 0.071885
1 0.120048 0.703674 0.062425 0.087859
1 0.561825 0.787540 0.103241 0.105431
1 0.705882 0.458466 0.062425 0.067093
1 0.914166 0.442492 0.032413 0.092652
1 0.879952 0.343450 0.040816 0.057508
1 0.834934 0.148562 0.063625 0.105431
1 0.966387 0.555911 0.067227 0.124601
0 0.331933 0.916134 0.046819 0.062300
0 0.267107 0.941693 0.046819 0.068690
0 0.759304 0.681310 0.054022 0.097444
1 0.133253 0.348243 0.074430 0.063898
0 0.068427 0.161342 0.074430 0.086262
