0 0.046819 0.297125 0.057623 0.099042
0 0.159664 0.051917 0.072029 0.100639
0 0.092437 0.182109 0.033613 0.060703
0 0.025210 0.165335 0.028812 0.039936
0 0.336134 0.508786 0.057623 0.075080
0 0.328331 0.383387 0.034814 0.044728
0 0.291116 0.298722 0.046819 0.063898
0 0.646459 0.180511 0.097239 0.143770
0 0.507203 0.179712 0.025210 0.046326
0 0.526411 0.225240 0.030012 0.054313
0 0.357743 0.099042 0.031212 0.054313
0 0.438776 0.901757 0.027611 0.039936
0 0.103842 0.539137 0.039616 0.055911
0 0.132653 0.477636 0.042017 0.038339
0 0.139856 0.413738 0.025210 0.035144
0 0.032413 0.425719 0.026411 0.033546
0 0.030012 0.589457 0.028812 0.054313
0 0.254502 0.685304 0.031212 0.047923
0 0.387755 0.220447 0.033613 0.051118
0 0.344538 0.168530 0.036014 0.049521
0 0.255702 0.120607 0.033613 0.049521
0 0.207083 0.203674 0.042017 0.036741
0 0.237695 0.180511 0.040816 0.051118
0 0.419568 0.321086 0.042017 0.041534
0 0.445978 0.226837 0.039616 0.035144
0 0.435774 0.581470 0.043217 0.063898
0 0.460384 0.546326 0.037215 0.035144
0 0.450180 0.388978 0.036014 0.052716
0 0.453181 0.436102 0.030012 0.047923
0 0.483193 0.442492 0.025210 0.038339
0 0.530012 0.436102 0.034814 0.054313
0 0.570828 0.324281 0.039616 0.067093
0 0.693277 0.380990 0.068427 0.071885
0 0.691477 0.435304 0.026411 0.030351
0 0.770108 0.345048 0.027611 0.041534
0 0.849340 0.146965 0.046819 0.070288
0 0.917767 0.059105 0.039616 0.054313
0 0.969988 0.244409 0.057623 0.073482
0 0.830132 0.411342 0.042017 0.055911
0 0.833733 0.470447 0.025210 0.027157
0 0.935774 0.410543 0.042017 0.031949
0 0.880552 0.619808 0.049220 0.060703
0 0.372149 0.789137 0.036014 0.047923
0 0.327731 0.742013 0.057623 0.055911
0 0.278511 0.630192 0.031212 0.039936
0 0.210684 0.647764 0.025210 0.017572
0 0.241297 0.472045 0.033613 0.030351
0 0.220288 0.380192 0.032413 0.035144
0 0.192077 0.527955 0.028812 0.030351
0 0.241297 0.745208 0.031212 0.043131
0 0.216687 0.904153 0.049220 0.047923
0 0.234094 0.948083 0.038415 0.036741
0 0.311525 0.908946 0.037215 0.057508
0 0.429172 0.976837 0.034814 0.046326
0 0.480192 0.972045 0.055222 0.055911
0 0.582233 0.764377 0.048019 0.071885
0 0.537215 0.752396 0.030012 0.035144
0 0.507803 0.765176 0.028812 0.035144
0 0.732293 0.789936 0.052821 0.071885
0 0.766507 0.878594 0.068427 0.070288
0 0.746699 0.975240 0.031212 0.049521
0 0.869148 0.929712 0.040816 0.054313
0 0.892557 0.850639 0.034814 0.030351
0 0.907563 0.893770 0.036014 0.033546
0 0.939976 0.871406 0.043217 0.049521
0 0.982593 0.924121 0.034814 0.065495
0 0.920168 0.976038 0.044418 0.041534
0 0.949580 0.511981 0.026411 0.036741
0 0.321729 0.607827 0.031212 0.033546
0 0.363145 0.577476 0.027611 0.027157
0 0.988595 0.670927 0.022809 0.031949
0 0.137455 0.643770 0.025210 0.022364
0 0.075630 0.610224 0.028812 0.022364
0 0.124250 0.825879 0.025210 0.044728
0 0.094838 0.856230 0.026411 0.038339
0 0.446579 0.623003 0.028812 0.031949
0 0.575630 0.433706 0.037215 0.033546
0 0.293517 0.246805 0.032413 0.033546
0 0.596639 0.672524 0.021609 0.015974
0 0.548019 0.695687 0.025210 0.030351
0 0.515006 0.634984 0.021609 0.030351
0 0.514406 0.928914 0.025210 0.030351
0 0.483794 0.887380 0.024010 0.036741
0 0.477791 0.925719 0.026411 0.030351
0 0.346339 0.345048 0.030012 0.035144
0 0.064226 0.500799 0.020408 0.030351
0 0.411164 0.043131 0.030012 0.054313
0 0.463385 0.138978 0.033613 0.031949
0 0.531813 0.075080 0.026411 0.044728
0 0.822929 0.817891 0.030012 0.038339
0 0.549220 0.523163 0.027611 0.033546
0 0.295918 0.438498 0.027611 0.033546
0 0.283914 0.476038 0.022809 0.025559
0 0.139856 0.343450 0.025210 0.025559
0 0.137455 0.195687 0.030012 0.023962
0 0.313926 0.813099 0.022809 0.022364
0 0.397959 0.669329 0.022809 0.025559
