1 0.048019 0.011182 0.019208 0.019169
1 0.135654 0.060703 0.033613 0.044728
1 0.102041 0.095048 0.026411 0.046326
1 0.135654 0.242812 0.021609 0.041534
1 0.150660 0.292332 0.022809 0.038339
1 0.045018 0.277157 0.025210 0.030351
1 0.095438 0.452875 0.039616 0.062300
1 0.067227 0.535942 0.036014 0.065495
1 0.279712 0.475240 0.057623 0.071885
1 0.387155 0.385783 0.049220 0.052716
1 0.464586 0.351438 0.043217 0.051118
1 0.465186 0.519968 0.037215 0.049521
1 0.507803 0.522364 0.043217 0.051118
1 0.605042 0.463259 0.033613 0.044728
1 0.720288 0.575879 0.052821 0.078275
1 0.827731 0.250799 0.051621 0.067093
1 0.766507 0.276358 0.034814 0.047923
1 0.741897 0.162141 0.026411 0.046326
1 0.578031 0.146965 0.042017 0.051118
1 0.588836 0.085463 0.034814 0.036741
1 0.659064 0.076677 0.033613 0.035144
1 0.968187 0.159744 0.042017 0.063898
1 0.960384 0.392971 0.079232 0.143770
1 0.887155 0.844249 0.052821 0.065495
1 0.209484 0.799521 0.042017 0.062300
1 0.135054 0.641374 0.022809 0.036741
1 0.225090 0.645367 0.046819 0.047923
1 0.222689 0.305911 0.046819 0.052716
1 0.152461 0.186102 0.024010 0.046326
1 0.412365 0.940895 0.044418 0.067093
1 0.475390 0.920128 0.031212 0.044728
1 0.838535 0.412141 0.034814 0.038339
1 0.855342 0.357029 0.032413 0.046326
0 0.066627 0.829872 0.034814 0.046326
0 0.076831 0.896166 0.048019 0.060703
0 0.362545 0.854633 0.031212 0.041534
0 0.569028 0.852236 0.060024 0.068690
0 0.573830 0.793930 0.031212 0.031949
0 0.687275 0.890575 0.049220 0.052716
0 0.716086 0.832268 0.034814 0.051118
0 0.752701 0.784345 0.024010 0.038339
0 0.800720 0.855431 0.028812 0.033546
0 0.763505 0.852236 0.028812 0.027157
0 0.761104 0.910543 0.024010 0.028754
0 0.807923 0.901757 0.050420 0.052716
0 0.861945 0.720447 0.026411 0.044728
0 0.953181 0.732428 0.045618 0.043131
0 0.833133 0.597444 0.026411 0.038339
0 0.013205 0.299521 0.024010 0.039936
0 0.794118 0.777955 0.030012 0.041534
0 0.771909 0.789936 0.019208 0.033546
0 0.888956 0.932109 0.027611 0.027157
0 0.810324 0.980032 0.031212 0.033546
0 0.798319 0.011981 0.036014 0.020767
1 0.449580 0.062300 0.049220 0.054313
1 0.379352 0.071086 0.038415 0.046326
1 0.938776 0.490415 0.021609 0.041534
1 0.987995 0.557508 0.024010 0.044728
1 0.957383 0.560703 0.032413 0.044728
1 0.976591 0.619010 0.027611 0.030351
1 0.876351 0.597444 0.021609 0.041534
1 0.935174 0.884984 0.038415 0.041534
1 0.927971 0.956869 0.069628 0.041534
1 0.400960 0.732428 0.024010 0.033546
1 0.408764 0.603035 0.032413 0.039936
1 0.132053 0.786741 0.024010 0.027157
1 0.177071 0.726038 0.032413 0.043131
1 0.199280 0.348243 0.031212 0.031949
1 0.266507 0.372204 0.043217 0.051118
1 0.268307 0.020767 0.058824 0.038339
1 0.217287 0.113419 0.026411 0.031949
1 0.417167 0.668530 0.022809 0.030351
1 0.445378 0.735623 0.026411 0.043131
1 0.544418 0.705272 0.032413 0.043131
1 0.609844 0.711661 0.033613 0.039936
1 0.678271 0.682907 0.038415 0.049521
1 0.551621 0.541534 0.027611 0.041534
1 0.818727 0.510383 0.019208 0.027157
1 0.632653 0.649361 0.024010 0.036741
1 0.220888 0.234026 0.038415 0.052716
1 0.013806 0.880192 0.025210 0.060703
