0 0.047419 0.742812 0.092437 0.194888
0 0.089436 0.857827 0.046819 0.054313
0 0.135654 0.547923 0.055222 0.083067
0 0.043818 0.418530 0.044418 0.063898
0 0.381753 0.176518 0.036014 0.052716
0 0.080432 0.169329 0.036014 0.054313
0 0.041417 0.207668 0.027611 0.041534
0 0.032413 0.289137 0.028812 0.035144
0 0.176471 0.269968 0.036014 0.044728
0 0.376951 0.328275 0.048019 0.062300
0 0.296519 0.412939 0.036014 0.039936
0 0.465786 0.505591 0.050420 0.059105
0 0.340336 0.540735 0.042017 0.055911
0 0.370348 0.593450 0.044418 0.059105
0 0.414766 0.698882 0.056423 0.062300
0 0.375150 0.724441 0.025210 0.046326
0 0.354142 0.857827 0.048019 0.070288
1 0.626050 0.724441 0.063625 0.075080
1 0.602041 0.836262 0.046819 0.059105
0 0.481993 0.953674 0.034814 0.051118
0 0.439976 0.892971 0.034814 0.047923
0 0.408163 0.865815 0.031212 0.031949
0 0.403962 0.945687 0.061224 0.079872
0 0.338535 0.953674 0.024010 0.031949
0 0.270708 0.830671 0.046819 0.051118
0 0.246098 0.802716 0.031212 0.030351
0 0.226291 0.773163 0.030012 0.044728
0 0.156663 0.854633 0.034814 0.044728
0 0.124250 0.738818 0.027611 0.033546
0 0.144658 0.684505 0.027611 0.036741
0 0.185474 0.931310 0.078031 0.099042
0 0.201080 0.140575 0.018007 0.025559
0 0.611044 0.105431 0.105642 0.124601
0 0.478391 0.163738 0.054022 0.055911
1 0.450180 0.245208 0.048019 0.052716
0 0.726291 0.135783 0.043217 0.070288
0 0.737095 0.068690 0.036014 0.035144
1 0.824730 0.042332 0.026411 0.039936
0 0.947779 0.019968 0.039616 0.036741
1 0.861945 0.095048 0.064826 0.046326
0 0.785114 0.121406 0.033613 0.047923
0 0.750900 0.206869 0.042017 0.049521
0 0.802521 0.260383 0.037215 0.044728
0 0.869748 0.255591 0.034814 0.057508
0 0.938175 0.269169 0.039616 0.068690
0 0.991597 0.214856 0.016807 0.039936
0 0.841537 0.352236 0.040816 0.039936
0 0.736495 0.331470 0.030012 0.046326
0 0.770108 0.341054 0.034814 0.030351
0 0.669268 0.491214 0.078031 0.075080
0 0.598439 0.618211 0.039616 0.051118
0 0.486194 0.660543 0.052821 0.068690
0 0.733493 0.666134 0.036014 0.073482
0 0.883553 0.686102 0.031212 0.052716
0 0.804322 0.743610 0.031212 0.036741
0 0.838535 0.753994 0.037215 0.051118
0 0.696879 0.839457 0.046819 0.055911
1 0.800720 0.849840 0.033613 0.041534
1 0.934574 0.922524 0.027611 0.049521
1 0.984394 0.922524 0.031212 0.071885
0 0.961585 0.585463 0.045618 0.062300
0 0.983193 0.638179 0.031212 0.052716
0 0.989796 0.522364 0.020408 0.060703
0 0.986194 0.380192 0.022809 0.038339
0 0.124250 0.331470 0.030012 0.039936
0 0.172869 0.060703 0.031212 0.047923
0 0.490396 0.063099 0.037215 0.052716
0 0.574430 0.341853 0.037215 0.051118
1 0.829532 0.912939 0.033613 0.036741
1 0.772509 0.946486 0.032413 0.039936
1 0.728691 0.970447 0.024010 0.030351
1 0.938776 0.338658 0.021609 0.031949
1 0.983794 0.330671 0.025210 0.031949
1 0.959784 0.407348 0.027611 0.028754
0 0.258103 0.678914 0.028812 0.035144
0 0.284514 0.736422 0.026411 0.041534
