0 0.014406 0.460863 0.026411 0.075080
0 0.360144 0.173323 0.069628 0.078275
0 0.386555 0.099042 0.079232 0.070288
0 0.089436 0.336262 0.046819 0.033546
0 0.235894 0.093450 0.054022 0.062300
0 0.183673 0.666933 0.040816 0.055911
0 0.163866 0.703674 0.030012 0.043131
0 0.333733 0.610224 0.038415 0.047923
0 0.376951 0.514377 0.045618 0.038339
0 0.321729 0.419329 0.036014 0.046326
0 0.227491 0.607029 0.032413 0.025559
0 0.184274 0.502396 0.030012 0.036741
0 0.224490 0.456070 0.033613 0.033546
0 0.286315 0.316294 0.030012 0.031949
0 0.096038 0.218051 0.038415 0.033546
0 0.153661 0.030351 0.079232 0.057508
0 0.115246 0.303514 0.033613 0.019169
0 0.079832 0.309105 0.032413 0.033546
0 0.033613 0.798722 0.036014 0.044728
0 0.049820 0.828275 0.030012 0.020767
0 0.202881 0.764377 0.033613 0.033546
0 0.247899 0.839457 0.034814 0.030351
0 0.227491 0.826677 0.022809 0.020767
0 0.217287 0.872204 0.036014 0.035144
0 0.270708 0.711661 0.049220 0.046326
0 0.598439 0.598243 0.061224 0.075080
0 0.469988 0.579872 0.042017 0.054313
0 0.605642 0.431310 0.058824 0.060703
0 0.562425 0.502396 0.039616 0.023962
0 0.549820 0.397764 0.036014 0.060703
0 0.479592 0.459265 0.020408 0.027157
0 0.677671 0.608626 0.022809 0.044728
0 0.654262 0.646965 0.028812 0.022364
0 0.630852 0.834665 0.039616 0.033546
0 0.543217 0.919329 0.061224 0.043131
0 0.571429 0.945687 0.021609 0.025559
0 0.504202 0.969649 0.048019 0.044728
0 0.458583 0.967252 0.026411 0.027157
0 0.382953 0.979233 0.057623 0.041534
0 0.289916 0.942492 0.020408 0.041534
0 0.259304 0.949681 0.036014 0.039936
0 0.189076 0.892173 0.027611 0.043131
0 0.799520 0.675719 0.043217 0.031949
0 0.821128 0.404952 0.067227 0.049521
0 0.605042 0.761981 0.033613 0.028754
0 0.186675 0.980032 0.032413 0.039936
0 0.332533 0.657348 0.040816 0.039936
0 0.460384 0.145367 0.039616 0.054313
0 0.453782 0.099840 0.031212 0.027157
0 0.420768 0.195687 0.039616 0.030351
0 0.694478 0.143770 0.054022 0.051118
0 0.640456 0.141374 0.034814 0.049521
0 0.672869 0.247604 0.046819 0.038339
0 0.680672 0.301118 0.028812 0.055911
0 0.975390 0.208466 0.049220 0.039936
0 0.974190 0.119808 0.030012 0.044728
0 0.936375 0.113419 0.024010 0.041534
0 0.852341 0.014377 0.031212 0.025559
0 0.797119 0.050319 0.033613 0.043131
0 0.857743 0.264377 0.034814 0.036741
0 0.923770 0.322684 0.058824 0.041534
0 0.918367 0.355431 0.043217 0.030351
0 0.980792 0.345048 0.033613 0.044728
0 0.981993 0.462460 0.033613 0.033546
0 0.858944 0.642971 0.044418 0.033546
0 0.988595 0.603834 0.022809 0.038339
0 0.973589 0.524760 0.028812 0.036741
0 0.911765 0.406550 0.037215 0.030351
0 0.856543 0.384984 0.034814 0.054313
0 0.726291 0.559105 0.036014 0.028754
0 0.695078 0.546326 0.028812 0.031949
0 0.648860 0.503994 0.032413 0.027157
0 0.656663 0.469649 0.033613 0.019169
0 0.644658 0.441693 0.026411 0.027157
0 0.737095 0.734824 0.038415 0.038339
0 0.735294 0.789137 0.063625 0.054313
0 0.729892 0.853035 0.043217 0.041534
0 0.842137 0.754792 0.037215 0.052716
0 0.899160 0.851438 0.043217 0.051118
0 0.963986 0.832268 0.036014 0.060703
0 0.870348 0.757987 0.031212 0.033546
0 0.768307 0.783546 0.028812 0.036741
0 0.810324 0.625399 0.048019 0.043131
0 0.341537 0.950479 0.032413 0.028754
0 0.896158 0.444888 0.039616 0.030351
0 0.806723 0.435304 0.024010 0.030351
0 0.819928 0.143770 0.033613 0.044728
0 0.926170 0.197284 0.027611 0.049521
0 0.895558 0.055112 0.028812 0.033546
0 0.661465 0.059904 0.033613 0.043131
0 0.469388 0.282748 0.038415 0.035144
0 0.462785 0.350639 0.042017 0.043131
0 0.228691 0.576677 0.032413 0.019169
0 0.226891 0.543131 0.036014 0.022364
0 0.381152 0.847444 0.034814 0.023962
0 0.328331 0.901757 0.020408 0.023962
0 0.108643 0.935304 0.030012 0.039936
0 0.078031 0.959265 0.026411 0.039936
0 0.515606 0.849042 0.049220 0.039936
0 0.046819 0.142971 0.036014 0.027157
0 0.775510 0.572684 0.028812 0.049521
0 0.801921 0.468850 0.024010 0.033546
