0 0.863745 0.711661 0.042017 0.052716
0 0.334934 0.676518 0.040816 0.055911
0 0.457383 0.324281 0.055222 0.047923
1 0.027011 0.066294 0.051621 0.065495
1 0.610444 0.119808 0.049220 0.051118
0 0.333733 0.438498 0.019208 0.027157
0 0.016807 0.433706 0.026411 0.033546
0 0.854142 0.558307 0.027611 0.039936
0 0.572629 0.784345 0.016807 0.022364
0 0.713085 0.364217 0.016807 0.022364
0 0.151261 0.378594 0.021609 0.025559
0 0.453782 0.113419 0.016807 0.019169
1 0.928571 0.055112 0.027611 0.027157
0 0.843938 0.015176 0.028812 0.023962
1 0.184274 0.183706 0.034814 0.044728
0 0.705282 0.646166 0.046819 0.049521
