0 0.122449 0.703674 0.038415 0.052716
0 0.056423 0.710863 0.036014 0.044728
0 0.042017 0.754792 0.021609 0.030351
1 0.477191 0.511182 0.037215 0.044728
0 0.878151 0.972843 0.030012 0.047923
1 0.067827 0.972843 0.070828 0.054313
0 0.553421 0.454473 0.055222 0.068690
1 0.102641 0.359425 0.042017 0.054313
1 0.244898 0.366613 0.038415 0.049521
1 0.403361 0.854633 0.050420 0.070288
0 0.617647 0.050319 0.044418 0.049521
1 0.814526 0.204473 0.037215 0.041534
0 0.737695 0.654952 0.027611 0.038339
0 0.797119 0.683706 0.026411 0.038339
1 0.090036 0.467252 0.028812 0.030351
0 0.942977 0.154153 0.027611 0.033546
0 0.827731 0.537540 0.027611 0.036741
