0 0.498199 0.466454 0.084034 0.092652
0 0.823529 0.138978 0.062425 0.070288
0 0.791116 0.405751 0.045618 0.054313
0 0.803721 0.603035 0.037215 0.049521
0 0.841537 0.603834 0.043217 0.060703
0 0.953181 0.956070 0.093637 0.087859
0 0.818727 0.925719 0.048019 0.062300
0 0.761104 0.970447 0.062425 0.059105
0 0.605642 0.839457 0.039616 0.071885
0 0.355942 0.771565 0.042017 0.060703
0 0.357743 0.242013 0.031212 0.049521
1 0.127251 0.170128 0.057623 0.068690
1 0.200480 0.016773 0.033613 0.030351
1 0.358944 0.061502 0.036014 0.049521
1 0.405762 0.118211 0.031212 0.047923
1 0.557023 0.111022 0.043217 0.052716
1 0.668667 0.054313 0.031212 0.035144
1 0.718487 0.079872 0.044418 0.073482
1 0.854142 0.250799 0.044418 0.047923
1 0.962785 0.722843 0.033613 0.055911
1 0.399760 0.580671 0.048019 0.055911
1 0.296519 0.912141 0.045618 0.070288
1 0.456783 0.956070 0.039616 0.049521
1 0.180072 0.423323 0.043217 0.051118
1 0.060024 0.240415 0.021609 0.030351
1 0.029412 0.257987 0.030012 0.039936
1 0.954982 0.148562 0.032413 0.044728
0 0.722689 0.483227 0.105642 0.103834
0 0.881753 0.305112 0.085234 0.083067
1 0.401561 0.301118 0.042017 0.052716
1 0.569628 0.815495 0.046819 0.068690
0 0.014406 0.049521 0.026411 0.060703
0 0.034814 0.143770 0.038415 0.044728
1 0.095438 0.896965 0.032413 0.039936
1 0.741297 0.869010 0.037215 0.051118
1 0.609244 0.247604 0.046819 0.051118
1 0.321729 0.719649 0.026411 0.036741
