0 0.199880 0.444089 0.123649 0.134185
0 0.460984 0.084665 0.069628 0.092652
1 0.103241 0.122204 0.086435 0.059105
0 0.271909 0.673323 0.058824 0.091054
0 0.160864 0.902556 0.072029 0.047923
0 0.021609 0.922524 0.028812 0.075080
0 0.354142 0.964058 0.052821 0.071885
0 0.277311 0.854633 0.028812 0.057508
0 0.148860 0.785144 0.057623 0.084665
0 0.563025 0.142971 0.072029 0.218850
0 0.713685 0.153355 0.063625 0.063898
0 0.977191 0.237220 0.045618 0.071885
0 0.912965 0.405751 0.063625 0.102236
0 0.739496 0.287540 0.036014 0.076677
0 0.730492 0.392173 0.037215 0.078275
0 0.604442 0.448882 0.044418 0.073482
0 0.625450 0.538339 0.048019 0.079872
0 0.691477 0.681310 0.067227 0.100639
0 0.617047 0.833067 0.048019 0.100639
0 0.349940 0.226837 0.046819 0.057508
0 0.220888 0.074281 0.028812 0.043131
1 0.102041 0.045527 0.043217 0.055911
0 0.163866 0.192492 0.046819 0.043131
0 0.797719 0.105431 0.042017 0.060703
0 0.839136 0.686901 0.196879 0.380192
0 0.481393 0.738019 0.026411 0.051118
0 0.877551 0.032748 0.060024 0.049521
0 0.806723 0.269169 0.057623 0.078275
0 0.265906 0.238818 0.037215 0.062300
1 0.085234 0.670128 0.050420 0.052716
0 0.523409 0.840256 0.055222 0.063898
0 0.852341 0.964058 0.096038 0.071885
