0 0.459784 0.141374 0.060024 0.078275
0 0.728091 0.201278 0.102041 0.108626
0 0.888956 0.146965 0.073229 0.108626
0 0.875750 0.213259 0.046819 0.065495
0 0.814526 0.527955 0.068427 0.068690
0 0.952581 0.497604 0.070828 0.103834
0 0.975990 0.367412 0.038415 0.047923
0 0.704082 0.297923 0.058824 0.078275
0 0.557023 0.780351 0.043217 0.065495
0 0.590036 0.615815 0.106843 0.119808
0 0.169268 0.837061 0.052821 0.089457
0 0.729892 0.810703 0.050420 0.046326
0 0.684274 0.646166 0.043217 0.052716
0 0.791717 0.875399 0.049220 0.076677
0 0.524010 0.215655 0.046819 0.060703
0 0.587635 0.176518 0.042017 0.049521
0 0.475390 0.923323 0.096038 0.083067
