0 0.549220 0.767572 0.063625 0.071885
0 0.436375 0.534345 0.056423 0.043131
0 0.551621 0.217252 0.068427 0.060703
0 0.572629 0.046326 0.036014 0.041534
0 0.883553 0.195687 0.036014 0.055911
0 0.581633 0.610224 0.042017 0.063898
0 0.967587 0.799521 0.038415 0.055911
1 0.255702 0.603834 0.064826 0.083067
0 0.090036 0.664537 0.050420 0.067093
0 0.699880 0.206070 0.036014 0.060703
0 0.792917 0.235623 0.104442 0.126198
0 0.184874 0.355431 0.040816 0.052716
0 0.647059 0.529553 0.036014 0.062300
0 0.939376 0.281949 0.042017 0.046326
0 0.467587 0.805911 0.056423 0.062300
1 0.350540 0.379393 0.052821 0.059105
1 0.360744 0.094249 0.054022 0.073482
1 0.069628 0.042332 0.048019 0.052716
1 0.420768 0.357029 0.042017 0.052716
1 0.414766 0.398562 0.049220 0.055911
1 0.531212 0.521565 0.046819 0.055911
1 0.159664 0.845847 0.060024 0.065495
1 0.939976 0.718051 0.086435 0.075080
1 0.304322 0.630990 0.054022 0.057508
0 0.451981 0.715655 0.058824 0.070288
0 0.795318 0.128594 0.066026 0.055911
1 0.920768 0.870607 0.055222 0.060703
0 0.519208 0.967252 0.056423 0.059105
0 0.256903 0.981629 0.060024 0.036741
1 0.841537 0.567093 0.074430 0.089457
1 0.438776 0.100639 0.063625 0.067093
1 0.863145 0.773163 0.043217 0.079872
1 0.099040 0.772364 0.044418 0.087859
0 0.020408 0.457668 0.038415 0.075080
1 0.636255 0.444888 0.052821 0.065495
0 0.524010 0.430511 0.056423 0.071885
