1 0.268307 0.875399 0.061224 0.086262
1 0.882353 0.315495 0.057623 0.068690
1 0.746098 0.868211 0.046819 0.062300
1 0.113445 0.591054 0.046819 0.035144
1 0.476591 0.474441 0.045618 0.051118
1 0.030612 0.960863 0.054022 0.078275
1 0.159064 0.068690 0.042017 0.057508
0 0.453181 0.046326 0.114046 0.083067
1 0.346939 0.068690 0.045618 0.060703
0 0.293517 0.223642 0.037215 0.051118
0 0.144058 0.212460 0.064826 0.070288
0 0.155462 0.930511 0.044418 0.116613
1 0.737095 0.333067 0.052821 0.075080
1 0.867347 0.134185 0.056423 0.051118
1 0.486795 0.261981 0.070828 0.102236
1 0.748499 0.946486 0.051621 0.107029
1 0.640456 0.029553 0.063625 0.055911
1 0.185474 0.625399 0.046819 0.110224
1 0.260504 0.575879 0.038415 0.065495
1 0.723289 0.634984 0.044418 0.062300
1 0.844538 0.608626 0.037215 0.054313
1 0.914166 0.714058 0.034814 0.047923
1 0.810324 0.860224 0.036014 0.055911
1 0.719688 0.805112 0.027611 0.047923
1 0.668667 0.773962 0.036014 0.071885
1 0.425570 0.667732 0.042017 0.086262
1 0.087035 0.471246 0.046819 0.054313
0 0.752101 0.554313 0.032413 0.060703
0 0.470588 0.398562 0.028812 0.043131
0 0.213685 0.269169 0.033613 0.046326
1 0.974190 0.899361 0.051621 0.057508
0 0.022209 0.351438 0.032413 0.047923
1 0.022209 0.571086 0.037215 0.062300
1 0.963986 0.381789 0.043217 0.041534
1 0.614046 0.236422 0.056423 0.051118
1 0.424970 0.113419 0.045618 0.076677
1 0.313926 0.135783 0.039616 0.054313
