0 0.409364 0.352236 0.136855 0.145367
0 0.426771 0.265176 0.051621 0.038339
0 0.509604 0.396965 0.063625 0.081470
0 0.132053 0.658946 0.052821 0.071885
0 0.302521 0.772364 0.048019 0.075080
0 0.258103 0.526358 0.048019 0.062300
0 0.450180 0.700479 0.043217 0.065495
0 0.807923 0.524760 0.074430 0.081470
0 0.818727 0.585463 0.048019 0.046326
0 0.759304 0.588658 0.039616 0.033546
0 0.765306 0.922524 0.090036 0.084665
0 0.959784 0.705272 0.044418 0.062300
0 0.889556 0.199681 0.069628 0.063898
0 0.946579 0.073482 0.075630 0.092652
0 0.858944 0.123802 0.044418 0.068690
0 0.332533 0.049521 0.052821 0.095847
0 0.242497 0.105431 0.043217 0.054313
0 0.147059 0.213259 0.049220 0.052716
0 0.205882 0.246805 0.027611 0.046326
0 0.287515 0.251597 0.049220 0.055911
0 0.129652 0.291534 0.036014 0.039936
0 0.114046 0.345847 0.028812 0.043131
0 0.106242 0.198083 0.022809 0.038339
0 0.022209 0.771565 0.042017 0.047923
0 0.095438 0.805112 0.034814 0.057508
0 0.158463 0.859425 0.028812 0.041534
0 0.024610 0.878594 0.032413 0.035144
0 0.302521 0.894569 0.031212 0.038339
0 0.296519 0.966454 0.031212 0.051118
0 0.345138 0.982428 0.044418 0.035144
0 0.500000 0.912141 0.032413 0.057508
0 0.652461 0.683706 0.046819 0.067093
0 0.755702 0.653355 0.044418 0.057508
0 0.796519 0.712460 0.054022 0.076677
0 0.626651 0.444089 0.036014 0.047923
0 0.682473 0.498403 0.032413 0.038339
0 0.420168 0.738019 0.036014 0.054313
0 0.722689 0.408946 0.026411 0.044728
0 0.810324 0.323482 0.036014 0.052716
0 0.708884 0.286741 0.027611 0.043131
0 0.558824 0.284345 0.049220 0.054313
0 0.557623 0.204473 0.080432 0.057508
0 0.363745 0.198882 0.036014 0.049521
0 0.554022 0.100639 0.054022 0.057508
0 0.594838 0.082268 0.027611 0.036741
0 0.613445 0.035942 0.060024 0.065495
0 0.712485 0.055911 0.034814 0.044728
0 0.877551 0.416134 0.033613 0.043131
0 0.924970 0.803514 0.042017 0.063898
0 0.984394 0.826677 0.014406 0.046326
0 0.666867 0.549521 0.032413 0.028754
0 0.585234 0.604633 0.034814 0.030351
0 0.523409 0.738019 0.026411 0.041534
0 0.275510 0.371406 0.022809 0.033546
0 0.190876 0.440096 0.036014 0.033546
0 0.135654 0.530351 0.033613 0.041534
0 0.075030 0.547923 0.027611 0.041534
0 0.045618 0.584665 0.031212 0.035144
0 0.054022 0.650958 0.036014 0.027157
0 0.198079 0.677316 0.033613 0.038339
0 0.063025 0.075080 0.049220 0.044728
0 0.737695 0.331470 0.020408 0.039936
0 0.846939 0.039936 0.034814 0.041534
0 0.443577 0.170128 0.039616 0.036741
0 0.310324 0.393770 0.032413 0.043131
0 0.313325 0.115016 0.036014 0.038339
0 0.842137 0.858626 0.042017 0.036741
0 0.209484 0.334665 0.030012 0.030351
0 0.396759 0.667732 0.032413 0.025559
0 0.666267 0.977636 0.031212 0.035144
0 0.660264 0.331470 0.021609 0.049521
0 0.875150 0.275559 0.057623 0.055911
0 0.200480 0.992013 0.028812 0.015974
0 0.125450 0.389776 0.022809 0.028754
