1 0.462185 0.166933 0.105642 0.164537
1 0.088836 0.281150 0.052821 0.083067
1 0.075630 0.592652 0.072029 0.086262
1 0.034214 0.262780 0.037215 0.071885
1 0.150660 0.117412 0.068427 0.049521
1 0.138055 0.039137 0.072029 0.068690
1 0.840336 0.187700 0.067227 0.078275
1 0.862545 0.269169 0.068427 0.059105
1 0.780912 0.501597 0.070828 0.095847
1 0.219688 0.868211 0.031212 0.052716
1 0.235894 0.134185 0.068427 0.070288
1 0.716086 0.048722 0.073229 0.071885
1 0.160864 0.615016 0.057623 0.067093
1 0.477191 0.040735 0.080432 0.062300
0 0.417167 0.507188 0.054022 0.071885
0 0.699280 0.821885 0.030012 0.062300
0 0.788115 0.923323 0.027611 0.031949
0 0.964586 0.335463 0.056423 0.111821
0 0.463385 0.399361 0.060024 0.051118
0 0.968187 0.887380 0.063625 0.113419
1 0.663265 0.639776 0.116447 0.043131
1 0.476591 0.980831 0.038415 0.038339
1 0.381152 0.880192 0.042017 0.047923
0 0.556423 0.151757 0.044418 0.063898
1 0.024010 0.513578 0.045618 0.049521
1 0.133854 0.978435 0.046819 0.043131
1 0.576230 0.971246 0.055222 0.054313
1 0.752101 0.964058 0.061224 0.071885
1 0.217287 0.606230 0.050420 0.075080
1 0.046218 0.084665 0.070828 0.044728
1 0.759904 0.414537 0.055222 0.055911
