0 0.738896 0.055911 0.097239 0.095847
0 0.702881 0.079073 0.039616 0.036741
0 0.872149 0.160543 0.114046 0.145367
1 0.795318 0.586262 0.169268 0.185304
1 0.408764 0.432907 0.085234 0.105431
1 0.049820 0.442492 0.068427 0.092652
1 0.080432 0.150958 0.069628 0.113419
0 0.175270 0.112620 0.036014 0.043131
0 0.141056 0.263578 0.054022 0.054313
0 0.217887 0.384185 0.039616 0.052716
0 0.178872 0.593450 0.033613 0.065495
0 0.123649 0.611821 0.052821 0.063898
1 0.123649 0.746805 0.038415 0.039936
1 0.061825 0.804313 0.049220 0.055911
1 0.867347 0.424121 0.073229 0.084665
1 0.948379 0.353035 0.040816 0.044728
1 0.942977 0.270767 0.032413 0.052716
1 0.800720 0.241214 0.038415 0.044728
1 0.848739 0.275559 0.033613 0.052716
1 0.676471 0.418530 0.058824 0.073482
1 0.718487 0.337859 0.046819 0.049521
1 0.717887 0.236422 0.038415 0.047923
1 0.578631 0.310703 0.052821 0.055911
1 0.582233 0.430511 0.045618 0.059105
1 0.600840 0.555112 0.034814 0.046326
1 0.604442 0.726837 0.039616 0.047923
1 0.568427 0.749201 0.022809 0.035144
1 0.559424 0.890575 0.033613 0.030351
1 0.551020 0.921725 0.033613 0.031949
1 0.533613 0.974441 0.044418 0.047923
1 0.435174 0.869010 0.039616 0.047923
1 0.430372 0.736422 0.034814 0.038339
1 0.402161 0.771565 0.031212 0.044728
1 0.263505 0.943291 0.034814 0.049521
1 0.159064 0.889776 0.044418 0.060703
1 0.208283 0.739617 0.061224 0.067093
1 0.223890 0.646965 0.030012 0.038339
1 0.344538 0.582268 0.038415 0.036741
1 0.324130 0.528754 0.036014 0.047923
1 0.343938 0.479233 0.032413 0.044728
1 0.255702 0.230032 0.067227 0.063898
1 0.279112 0.162141 0.042017 0.049521
1 0.231092 0.051118 0.046819 0.057508
1 0.067227 0.018371 0.050420 0.033546
1 0.383553 0.173323 0.030012 0.033546
1 0.119448 0.083067 0.034814 0.041534
1 0.030012 0.314696 0.026411 0.041534
1 0.914166 0.875399 0.082833 0.092652
1 0.856543 0.892971 0.051621 0.051118
1 0.632653 0.912939 0.033613 0.052716
1 0.885354 0.550319 0.049220 0.075080
1 0.976591 0.494409 0.032413 0.049521
1 0.984994 0.701278 0.030012 0.070288
1 0.973589 0.759585 0.031212 0.046326
1 0.986194 0.934505 0.027611 0.063898
1 0.896759 0.720447 0.043217 0.051118
1 0.400960 0.108626 0.055222 0.051118
1 0.393157 0.022364 0.022809 0.035144
1 0.423770 0.023962 0.028812 0.031949
1 0.284514 0.036741 0.024010 0.035144
1 0.254502 0.012780 0.031212 0.022364
1 0.035414 0.921725 0.068427 0.156550
1 0.365546 0.954473 0.032413 0.030351
1 0.546819 0.206070 0.042017 0.063898
1 0.468788 0.041534 0.027611 0.044728
1 0.441176 0.346645 0.039616 0.063898
1 0.466987 0.397764 0.033613 0.041534
1 0.935774 0.588658 0.032413 0.059105
1 0.495798 0.632588 0.057623 0.095847
1 0.560624 0.560703 0.045618 0.063898
1 0.478391 0.450479 0.032413 0.038339
1 0.517407 0.455272 0.036014 0.031949
1 0.773109 0.259585 0.028812 0.039936
1 0.506002 0.056709 0.027611 0.033546
1 0.500000 0.483227 0.020408 0.027157
1 0.433974 0.524760 0.032413 0.039936
1 0.456182 0.519169 0.028812 0.038339
1 0.906363 0.976038 0.045618 0.047923
1 0.252701 0.816294 0.049220 0.051118
1 0.307923 0.742812 0.039616 0.051118
1 0.254502 0.407348 0.024010 0.041534
1 0.011405 0.660543 0.020408 0.046326
0 0.965186 0.169329 0.069628 0.162939
