0 0.279112 0.550319 0.106843 0.154952
0 0.339736 0.380192 0.064826 0.057508
0 0.270108 0.297125 0.026411 0.038339
0 0.234694 0.318690 0.025210 0.036741
0 0.192077 0.234026 0.033613 0.043131
0 0.156663 0.225240 0.042017 0.051118
0 0.075630 0.327476 0.033613 0.031949
0 0.056423 0.152556 0.036014 0.043131
0 0.118848 0.134984 0.021609 0.023962
0 0.103241 0.542332 0.043217 0.036741
0 0.130252 0.590256 0.037215 0.030351
0 0.117647 0.832268 0.232893 0.265176
0 0.427971 0.730831 0.042017 0.055911
0 0.484994 0.477636 0.055222 0.060703
0 0.549220 0.408147 0.073229 0.081470
0 0.606843 0.398562 0.037215 0.084665
0 0.420168 0.593450 0.052821 0.055911
0 0.258703 0.140575 0.034814 0.041534
0 0.428571 0.076677 0.026411 0.031949
0 0.371549 0.124601 0.027611 0.035144
0 0.354742 0.180511 0.022809 0.025559
0 0.306723 0.164537 0.027611 0.025559
0 0.570228 0.063898 0.052821 0.054313
0 0.665066 0.153355 0.069628 0.083067
0 0.711285 0.422524 0.030012 0.071885
0 0.696279 0.535144 0.069628 0.067093
0 0.672269 0.616613 0.055222 0.079872
0 0.926771 0.397764 0.093637 0.115016
0 0.951381 0.136581 0.087635 0.081470
0 0.742497 0.817891 0.061224 0.089457
0 0.543818 0.659744 0.038415 0.054313
0 0.495198 0.736422 0.027611 0.028754
0 0.840336 0.720447 0.064826 0.102236
0 0.883553 0.650958 0.038415 0.052716
0 0.893758 0.606230 0.034814 0.052716
0 0.967587 0.613419 0.064826 0.089457
0 0.801321 0.896166 0.044418 0.044728
0 0.875150 0.884984 0.043217 0.044728
0 0.802521 0.962460 0.034814 0.033546
0 0.652461 0.955272 0.034814 0.060703
0 0.608043 0.980032 0.046819 0.039936
0 0.593037 0.888978 0.036014 0.049521
0 0.512005 0.812300 0.030012 0.039936
0 0.524610 0.536741 0.045618 0.054313
0 0.543818 0.342652 0.033613 0.030351
0 0.334334 0.238818 0.037215 0.036741
0 0.455582 0.226837 0.030012 0.022364
0 0.448980 0.255591 0.021609 0.015974
0 0.788115 0.507987 0.042017 0.041534
0 0.746699 0.450479 0.031212 0.067093
0 0.671669 0.321885 0.034814 0.046326
0 0.792917 0.608626 0.027611 0.038339
0 0.751501 0.146166 0.026411 0.036741
0 0.645258 0.025559 0.039616 0.047923
0 0.324130 0.037540 0.033613 0.036741
0 0.990396 0.295527 0.019208 0.041534
0 0.362545 0.286741 0.026411 0.043131
0 0.423770 0.253195 0.021609 0.033546
0 0.456182 0.157348 0.033613 0.023962
0 0.450780 0.117412 0.034814 0.027157
0 0.290516 0.118211 0.026411 0.035144
0 0.190876 0.424121 0.031212 0.049521
0 0.082833 0.215655 0.036014 0.038339
0 0.555822 0.315495 0.026411 0.030351
0 0.557623 0.261981 0.032413 0.038339
0 0.530012 0.308307 0.022809 0.035144
0 0.719688 0.733227 0.022809 0.041534
0 0.942977 0.785942 0.037215 0.038339
0 0.895558 0.709265 0.038415 0.044728
0 0.793517 0.128594 0.028812 0.046326
0 0.764106 0.107827 0.027611 0.036741
0 0.948980 0.326677 0.032413 0.033546
0 0.969388 0.481629 0.030012 0.033546
0 0.326531 0.783546 0.026411 0.036741
0 0.368547 0.842652 0.033613 0.030351
0 0.359544 0.482428 0.034814 0.028754
0 0.033013 0.373802 0.032413 0.025559
0 0.163866 0.023163 0.022809 0.036741
0 0.361345 0.551118 0.026411 0.047923
0 0.521609 0.908946 0.027611 0.035144
0 0.468788 0.900958 0.027611 0.041534
