0 0.552221 0.070288 0.067227 0.086262
0 0.360744 0.381789 0.022809 0.035144
0 0.391357 0.401757 0.036014 0.043131
0 0.468187 0.493610 0.038415 0.044728
0 0.565426 0.514377 0.031212 0.063898
0 0.249100 0.577476 0.042017 0.039936
1 0.160264 0.565495 0.092437 0.121406
0 0.330132 0.619808 0.031212 0.044728
0 0.317527 0.654952 0.025210 0.035144
0 0.138655 0.750799 0.020408 0.060703
0 0.107443 0.734824 0.025210 0.047923
0 0.084634 0.809105 0.022809 0.046326
0 0.263505 0.766773 0.039616 0.060703
0 0.241297 0.627796 0.036014 0.057508
0 0.121248 0.428914 0.026411 0.039936
0 0.021008 0.396965 0.025210 0.039936
0 0.107443 0.295527 0.032413 0.041534
0 0.704082 0.524760 0.068427 0.068690
0 0.732893 0.460863 0.042017 0.046326
0 0.681873 0.466454 0.052821 0.057508
0 0.487995 0.737220 0.027611 0.036741
0 0.515006 0.838658 0.028812 0.047923
0 0.493397 0.958466 0.043217 0.044728
0 0.390156 0.778754 0.028812 0.039936
0 0.567827 0.745208 0.031212 0.027157
0 0.659064 0.900958 0.028812 0.025559
0 0.614046 0.849042 0.027611 0.043131
0 0.581032 0.927316 0.048019 0.039936
0 0.693878 0.962460 0.043217 0.052716
0 0.877551 0.627796 0.024010 0.038339
0 0.956783 0.436102 0.055222 0.041534
0 0.463385 0.336262 0.021609 0.049521
0 0.439376 0.346645 0.024010 0.025559
0 0.368547 0.162141 0.057623 0.043131
0 0.163265 0.317891 0.033613 0.054313
0 0.154862 0.281949 0.024010 0.039936
0 0.288715 0.208466 0.030012 0.033546
0 0.228691 0.096645 0.032413 0.043131
0 0.129652 0.095847 0.031212 0.031949
0 0.102641 0.182109 0.032413 0.035144
0 0.082233 0.612620 0.027611 0.039936
0 0.643457 0.220447 0.048019 0.047923
0 0.142857 0.859425 0.036014 0.047923
0 0.091837 0.890575 0.044418 0.039936
0 0.318127 0.832268 0.028812 0.051118
0 0.331933 0.981629 0.018007 0.036741
0 0.854142 0.793131 0.032413 0.062300
0 0.823529 0.805911 0.033613 0.059105
0 0.693277 0.170927 0.049220 0.051118
0 0.817527 0.091054 0.060024 0.083067
0 0.890156 0.016773 0.042017 0.030351
0 0.596038 0.417732 0.032413 0.046326
0 0.595438 0.376198 0.024010 0.027157
0 0.549220 0.387380 0.039616 0.052716
0 0.547419 0.345048 0.031212 0.031949
0 0.523409 0.227636 0.057623 0.065495
0 0.484394 0.182109 0.042017 0.041534
0 0.663265 0.809105 0.042017 0.046326
0 0.639256 0.981629 0.027611 0.030351
0 0.923169 0.661342 0.028812 0.031949
0 0.925570 0.724441 0.036014 0.052716
0 0.172269 0.401757 0.027611 0.046326
0 0.310924 0.145367 0.043217 0.031949
0 0.341537 0.113419 0.037215 0.047923
0 0.397959 0.111821 0.030012 0.038339
0 0.428571 0.126198 0.033613 0.041534
0 0.437575 0.026358 0.030012 0.043131
0 0.948980 0.246006 0.025210 0.051118
0 0.825330 0.276358 0.030012 0.031949
0 0.747299 0.277157 0.037215 0.055911
0 0.768307 0.192492 0.021609 0.030351
0 0.135654 0.054313 0.031212 0.028754
0 0.518007 0.424121 0.027611 0.036741
0 0.043818 0.241214 0.027611 0.035144
0 0.706483 0.119808 0.027611 0.044728
0 0.650060 0.580671 0.022809 0.052716
0 0.563025 0.579872 0.019208 0.038339
0 0.366146 0.560703 0.024010 0.044728
0 0.201080 0.752396 0.032413 0.054313
0 0.587635 0.783546 0.034814 0.052716
0 0.869148 0.706070 0.026411 0.038339
0 0.947779 0.634984 0.030012 0.036741
0 0.467587 0.049521 0.051621 0.063898
0 0.355342 0.046326 0.036014 0.035144
0 0.321729 0.343450 0.031212 0.038339
0 0.299520 0.281150 0.030012 0.025559
0 0.448980 0.246006 0.021609 0.022364
0 0.525210 0.117412 0.027611 0.023962
0 0.506002 0.146965 0.034814 0.035144
0 0.450780 0.175719 0.025210 0.035144
0 0.785114 0.464856 0.021609 0.031949
0 0.836735 0.905751 0.016807 0.044728
0 0.856543 0.964856 0.022809 0.041534
0 0.753301 0.948083 0.039616 0.036741
0 0.525210 0.742812 0.022809 0.022364
0 0.258703 0.972843 0.042017 0.041534
0 0.716086 0.691693 0.025210 0.038339
