1 0.172869 0.149361 0.072029 0.075080
1 0.531212 0.952875 0.099640 0.094249
1 0.142857 0.933706 0.043217 0.052716
1 0.406963 0.730831 0.052821 0.055911
1 0.497599 0.234824 0.039616 0.073482
1 0.873950 0.354633 0.048019 0.057508
1 0.750300 0.502396 0.033613 0.062300
1 0.081032 0.499201 0.039616 0.049521
1 0.153661 0.505591 0.057623 0.075080
1 0.902761 0.595847 0.055222 0.063898
0 0.255102 0.095847 0.032413 0.038339
0 0.291116 0.023962 0.037215 0.025559
0 0.335534 0.097444 0.022809 0.038339
0 0.446579 0.118211 0.033613 0.041534
0 0.365546 0.063898 0.034814 0.031949
0 0.349940 0.182907 0.037215 0.049521
0 0.458583 0.920128 0.057623 0.073482
0 0.457383 0.877796 0.036014 0.046326
1 0.856543 0.214058 0.034814 0.054313
1 0.906363 0.202077 0.045618 0.062300
1 0.639856 0.023163 0.024010 0.036741
