1 0.452581 0.115815 0.055222 0.059105
1 0.587635 0.368211 0.075630 0.081470
1 0.298319 0.429712 0.056423 0.054313
1 0.404562 0.063099 0.050420 0.059105
1 0.776711 0.297125 0.043217 0.054313
1 0.039016 0.484824 0.075630 0.103834
1 0.962785 0.124601 0.057623 0.060703
1 0.930372 0.489617 0.060024 0.078275
0 0.498800 0.717252 0.042017 0.054313
0 0.329532 0.619808 0.046819 0.070288
0 0.093037 0.563099 0.061224 0.081470
0 0.155462 0.129393 0.068427 0.060703
0 0.434574 0.479233 0.043217 0.054313
0 0.147659 0.726837 0.033613 0.047923
0 0.626651 0.560703 0.062425 0.086262
0 0.596639 0.721246 0.060024 0.065495
0 0.130252 0.232428 0.039616 0.046326
0 0.713085 0.972045 0.048019 0.055911
0 0.436375 0.609425 0.046819 0.043131
0 0.887155 0.689297 0.036014 0.049521
0 0.796519 0.784345 0.049220 0.051118
0 0.877551 0.880192 0.040816 0.054313
0 0.887155 0.966454 0.062425 0.060703
1 0.347539 0.282748 0.068427 0.054313
1 0.569628 0.098243 0.087635 0.062300
1 0.834334 0.218850 0.048019 0.063898
1 0.597839 0.267572 0.045618 0.043131
0 0.825330 0.663738 0.061224 0.091054
0 0.471188 0.791534 0.039616 0.075080
0 0.245498 0.899361 0.054022 0.047923
0 0.614046 0.880990 0.022809 0.030351
0 0.451381 0.929712 0.038415 0.041534
0 0.981993 0.711661 0.036014 0.078275
1 0.255702 0.121406 0.045618 0.067093
1 0.050420 0.017572 0.069628 0.031949
1 0.102641 0.238019 0.049220 0.067093
0 0.340936 0.167732 0.043217 0.038339
1 0.896158 0.018371 0.061224 0.033546
1 0.970588 0.211661 0.030012 0.100639
1 0.825330 0.480831 0.027611 0.057508
1 0.696879 0.404952 0.037215 0.039936
1 0.496399 0.496805 0.044418 0.063898
1 0.199880 0.546326 0.037215 0.063898
1 0.232293 0.587061 0.044418 0.043131
1 0.339136 0.705272 0.039616 0.036741
1 0.744898 0.485623 0.044418 0.060703
1 0.584634 0.797923 0.040816 0.052716
1 0.433373 0.836262 0.040816 0.052716
1 0.192677 0.743610 0.042017 0.055911
