0 0.645258 0.257188 0.058824 0.076677
0 0.452581 0.750799 0.081633 0.089457
0 0.192077 0.662939 0.048019 0.073482
0 0.027011 0.264377 0.051621 0.158147
0 0.301921 0.884185 0.097239 0.142173
0 0.424370 0.547125 0.049220 0.091054
0 0.304922 0.580671 0.050420 0.100639
0 0.806723 0.265176 0.088836 0.121406
0 0.788115 0.385783 0.106843 0.097444
0 0.199280 0.091054 0.043217 0.047923
0 0.173469 0.330671 0.075630 0.086262
0 0.269508 0.230831 0.032413 0.094249
0 0.518007 0.829872 0.044418 0.091054
0 0.626050 0.924920 0.046819 0.070288
0 0.690276 0.577476 0.040816 0.049521
0 0.473589 0.142971 0.058824 0.087859
0 0.081032 0.954473 0.037215 0.055911
0 0.654862 0.776358 0.070828 0.086262
0 0.384154 0.333866 0.067227 0.095847
0 0.619448 0.053514 0.048019 0.059105
0 0.704682 0.065495 0.050420 0.067093
0 0.818127 0.037540 0.042017 0.055911
0 0.972389 0.039137 0.055222 0.075080
0 0.371549 0.419329 0.046819 0.059105
0 0.528211 0.319489 0.069628 0.060703
0 0.969988 0.472843 0.043217 0.054313
0 0.033613 0.484824 0.040816 0.043131
0 0.534814 0.534345 0.039616 0.049521
0 0.849340 0.534345 0.032413 0.055911
0 0.342137 0.687700 0.052821 0.062300
0 0.411765 0.633387 0.048019 0.055911
0 0.019208 0.809105 0.021609 0.081470
0 0.566026 0.668530 0.046819 0.062300
0 0.638055 0.420927 0.078031 0.113419
0 0.849340 0.678115 0.037215 0.055911
