0 0.786915 0.520767 0.087635 0.172524
0 0.158463 0.658147 0.192077 0.265176
0 0.217887 0.448083 0.042017 0.071885
0 0.151261 0.473642 0.040816 0.071885
0 0.090636 0.455272 0.044418 0.076677
0 0.010804 0.405751 0.019208 0.092652
0 0.036014 0.408946 0.024010 0.057508
0 0.054622 0.323482 0.063625 0.068690
0 0.377551 0.364217 0.070828 0.095847
0 0.509604 0.626997 0.037215 0.052716
0 0.486194 0.917732 0.069628 0.119808
0 0.397359 0.912141 0.033613 0.047923
0 0.234094 0.851438 0.024010 0.038339
0 0.162065 0.876997 0.036014 0.060703
0 0.462185 0.732428 0.028812 0.065495
0 0.420168 0.732428 0.031212 0.059105
0 0.685474 0.481629 0.045618 0.075080
0 0.420768 0.178914 0.058824 0.089457
0 0.506002 0.089457 0.039616 0.057508
0 0.556423 0.319489 0.020408 0.035144
0 0.653661 0.036741 0.070828 0.070288
0 0.385954 0.068690 0.049220 0.063898
0 0.807323 0.061502 0.027611 0.062300
0 0.972389 0.107827 0.050420 0.081470
0 0.914166 0.061502 0.039616 0.049521
0 0.619448 0.777955 0.036014 0.038339
0 0.707683 0.757188 0.030012 0.044728
0 0.660864 0.742812 0.025210 0.028754
0 0.669268 0.908147 0.025210 0.043131
0 0.378752 0.819489 0.032413 0.060703
0 0.410564 0.809904 0.031212 0.054313
0 0.179472 0.938498 0.032413 0.043131
0 0.393157 0.591853 0.020408 0.033546
0 0.318727 0.659744 0.027611 0.031949
0 0.971188 0.429712 0.021609 0.044728
0 0.953782 0.526358 0.020408 0.043131
0 0.899760 0.584665 0.032413 0.041534
0 0.873349 0.654153 0.032413 0.036741
0 0.683673 0.555911 0.037215 0.038339
0 0.633854 0.601438 0.019208 0.046326
0 0.205282 0.065495 0.057623 0.070288
0 0.268307 0.171725 0.018007 0.039936
0 0.130252 0.337061 0.027611 0.035144
0 0.130852 0.239617 0.026411 0.035144
0 0.371549 0.238818 0.025210 0.036741
0 0.524610 0.203674 0.016807 0.046326
0 0.507803 0.196486 0.009604 0.038339
0 0.423169 0.622204 0.022809 0.039936
0 0.406363 0.679712 0.018007 0.036741
0 0.647659 0.920927 0.013205 0.030351
0 0.622449 0.738818 0.032413 0.043131
0 0.990396 0.241214 0.019208 0.044728
0 0.767107 0.421725 0.036014 0.041534
0 0.732293 0.391374 0.026411 0.031949
0 0.482593 0.145367 0.036014 0.051118
0 0.313926 0.174121 0.022809 0.025559
0 0.330132 0.089457 0.016807 0.031949
0 0.343938 0.532748 0.032413 0.036741
0 0.358343 0.576677 0.022809 0.038339
0 0.477791 0.511981 0.026411 0.049521
0 0.111645 0.875399 0.028812 0.031949
0 0.203481 0.848243 0.020408 0.044728
0 0.234094 0.750799 0.019208 0.035144
0 0.242497 0.972045 0.040816 0.039936
0 0.049220 0.784345 0.021609 0.038339
0 0.494598 0.736422 0.031212 0.035144
0 0.818127 0.355431 0.020408 0.039936
0 0.749100 0.180511 0.021609 0.025559
0 0.684874 0.123802 0.022809 0.033546
0 0.721489 0.145367 0.028812 0.038339
0 0.758703 0.070288 0.014406 0.044728
0 0.732293 0.074281 0.021609 0.036741
0 0.155462 0.273163 0.025210 0.031949
0 0.093637 0.902556 0.024010 0.028754
0 0.585834 0.795527 0.021609 0.035144
0 0.463986 0.800319 0.022809 0.041534
0 0.628451 0.474441 0.022809 0.038339
0 0.767107 0.736422 0.021609 0.025559
0 0.915366 0.777157 0.018007 0.030351
0 0.983193 0.579872 0.021609 0.038339
0 0.861345 0.393770 0.022809 0.023962
0 0.152461 0.081470 0.021609 0.051118
0 0.866146 0.169329 0.022809 0.041534
0 0.687275 0.271565 0.022809 0.028754
