0 0.443577 0.168530 0.087635 0.119808
0 0.182473 0.407348 0.055222 0.073482
0 0.234094 0.500799 0.074430 0.091054
0 0.786915 0.468850 0.090036 0.129393
0 0.807923 0.559105 0.052821 0.057508
0 0.982593 0.507188 0.034814 0.055911
0 0.886555 0.128594 0.051621 0.065495
0 0.955582 0.100639 0.043217 0.063898
0 0.981993 0.229233 0.036014 0.062300
0 0.955582 0.328275 0.040816 0.046326
0 0.884754 0.267572 0.040816 0.052716
0 0.597239 0.043930 0.056423 0.068690
0 0.041417 0.144569 0.034814 0.046326
1 0.241297 0.293131 0.031212 0.039936
1 0.281513 0.278754 0.037215 0.052716
1 0.320528 0.306709 0.019208 0.038339
1 0.357143 0.404153 0.039616 0.054313
0 0.279112 0.423323 0.051621 0.051118
0 0.844538 0.818690 0.032413 0.049521
0 0.824730 0.926518 0.026411 0.041534
0 0.857743 0.920927 0.030012 0.039936
0 0.855342 0.964058 0.018007 0.027157
0 0.888355 0.968051 0.031212 0.047923
0 0.629652 0.910543 0.056423 0.073482
0 0.558824 0.975240 0.054022 0.049521
0 0.310324 0.953674 0.087635 0.092652
0 0.079232 0.750000 0.060024 0.068690
0 0.028812 0.526358 0.055222 0.084665
0 0.094838 0.230831 0.048019 0.055911
0 0.737095 0.287540 0.045618 0.067093
0 0.482593 0.469649 0.045618 0.054313
0 0.500000 0.567093 0.027611 0.051118
0 0.414766 0.580671 0.037215 0.049521
0 0.468788 0.701278 0.058824 0.060703
0 0.572029 0.737220 0.250900 0.317891
0 0.535414 0.646166 0.048019 0.075080
1 0.629052 0.658946 0.038415 0.043131
1 0.930372 0.438498 0.021609 0.033546
1 0.915966 0.469649 0.026411 0.035144
1 0.939976 0.531949 0.062425 0.070288
1 0.967587 0.434505 0.021609 0.044728
1 0.047419 0.392971 0.030012 0.051118
1 0.150060 0.973642 0.043217 0.052716
1 0.218487 0.964856 0.026411 0.038339
1 0.247899 0.944888 0.020408 0.033546
0 0.635654 0.095048 0.030012 0.055911
0 0.840936 0.016773 0.037215 0.030351
0 0.151261 0.133387 0.033613 0.043131
0 0.091236 0.141374 0.033613 0.046326
0 0.197479 0.015176 0.056423 0.027157
0 0.695678 0.249201 0.022809 0.031949
0 0.405762 0.301917 0.028812 0.035144
1 0.258703 0.227636 0.046819 0.039936
1 0.291116 0.195687 0.030012 0.033546
1 0.361345 0.214856 0.026411 0.043131
1 0.387155 0.190096 0.020408 0.038339
1 0.069628 0.364217 0.021609 0.044728
1 0.103842 0.330671 0.015606 0.035144
