0 0.089436 0.105431 0.097239 0.118211
1 0.429772 0.101438 0.108043 0.126198
0 0.781513 0.254792 0.079232 0.113419
1 0.887755 0.087061 0.092437 0.107029
0 0.944778 0.551118 0.084034 0.140575
1 0.962785 0.938498 0.074430 0.123003
0 0.743097 0.763578 0.064826 0.086262
1 0.494598 0.330671 0.062425 0.099042
1 0.566026 0.080671 0.039616 0.052716
1 0.581633 0.146965 0.034814 0.047923
1 0.603241 0.023163 0.039616 0.036741
1 0.178872 0.888978 0.057623 0.071885
1 0.053421 0.844249 0.054022 0.059105
1 0.412965 0.797923 0.052821 0.065495
0 0.772509 0.429712 0.049220 0.038339
0 0.785714 0.929712 0.140456 0.140575
0 0.691477 0.899361 0.052821 0.073482
0 0.566627 0.909744 0.122449 0.103834
0 0.528211 0.515176 0.055222 0.075080
0 0.248499 0.101438 0.060024 0.068690
1 0.588836 0.492812 0.039616 0.055911
0 0.932773 0.159744 0.045618 0.041534
0 0.984394 0.132588 0.031212 0.054313
0 0.962185 0.202077 0.042017 0.062300
0 0.791717 0.489617 0.049220 0.055911
0 0.051020 0.241214 0.042017 0.047923
0 0.407563 0.889776 0.049220 0.054313
1 0.383553 0.390575 0.030012 0.043131
0 0.645258 0.268371 0.025210 0.041534
0 0.648259 0.214058 0.050420 0.047923
1 0.681873 0.095048 0.038415 0.049521
