1 0.079832 0.212460 0.157263 0.421725
0 0.191477 0.060703 0.116447 0.118211
0 0.219088 0.018371 0.030012 0.027157
0 0.134454 0.234026 0.036014 0.052716
0 0.138055 0.442492 0.040816 0.057508
0 0.322329 0.415335 0.061224 0.067093
0 0.097839 0.819489 0.073229 0.102236
0 0.135654 0.674121 0.026411 0.038339
0 0.027611 0.692492 0.036014 0.052716
0 0.430372 0.723642 0.049220 0.079872
0 0.476591 0.590256 0.117647 0.135783
0 0.551621 0.206869 0.070828 0.084665
0 0.581633 0.370607 0.042017 0.063898
0 0.654862 0.382588 0.056423 0.068690
0 0.765306 0.108626 0.102041 0.159744
0 0.734694 0.156550 0.040816 0.038339
0 0.952581 0.079073 0.037215 0.055911
0 0.569028 0.074281 0.072029 0.071885
0 0.372749 0.094249 0.049220 0.047923
0 0.390156 0.040735 0.069628 0.062300
0 0.887155 0.916933 0.036014 0.041534
0 0.895558 0.973642 0.072029 0.052716
1 0.965186 0.411342 0.069628 0.116613
1 0.951381 0.240415 0.056423 0.065495
1 0.851741 0.234824 0.061224 0.063898
1 0.807323 0.361022 0.054022 0.073482
1 0.840336 0.538339 0.048019 0.092652
1 0.591236 0.717252 0.085234 0.089457
1 0.512605 0.691693 0.052821 0.057508
1 0.692077 0.733227 0.037215 0.038339
1 0.596038 0.766773 0.030012 0.041534
1 0.671669 0.813099 0.042017 0.038339
1 0.665666 0.920128 0.037215 0.054313
1 0.700480 0.957668 0.037215 0.039936
1 0.824130 0.792332 0.054022 0.044728
1 0.884754 0.732428 0.033613 0.055911
1 0.798319 0.915335 0.028812 0.044728
1 0.833733 0.935304 0.044418 0.049521
1 0.947179 0.834665 0.040816 0.043131
1 0.972989 0.900160 0.032413 0.036741
1 0.271909 0.475240 0.030012 0.049521
1 0.309124 0.290735 0.022809 0.041534
1 0.353541 0.201278 0.030012 0.047923
1 0.397359 0.249201 0.036014 0.044728
1 0.651261 0.571086 0.032413 0.036741
0 0.534814 0.396166 0.032413 0.051118
0 0.585234 0.431310 0.037215 0.031949
0 0.398559 0.286741 0.033613 0.039936
0 0.495798 0.207668 0.038415 0.054313
0 0.456182 0.424121 0.036014 0.068690
0 0.483794 0.352236 0.040816 0.062300
0 0.218487 0.834665 0.038415 0.046326
0 0.142857 0.844249 0.040816 0.036741
0 0.050420 0.958466 0.028812 0.041534
0 0.462785 0.979233 0.135654 0.041534
0 0.497599 0.886581 0.054022 0.051118
1 0.578631 0.862620 0.031212 0.047923
1 0.500000 0.934505 0.042017 0.038339
0 0.006603 0.112620 0.010804 0.119808
