0 0.066026 0.336262 0.091236 0.129393
0 0.190876 0.269968 0.043217 0.047923
0 0.225690 0.340256 0.062425 0.076677
0 0.181273 0.420927 0.033613 0.046326
0 0.023409 0.535942 0.042017 0.075080
0 0.044418 0.612620 0.038415 0.039936
0 0.367347 0.199681 0.057623 0.092652
0 0.396759 0.303514 0.044418 0.054313
0 0.421969 0.382588 0.058824 0.087859
0 0.485594 0.468051 0.063625 0.086262
0 0.513205 0.562300 0.068427 0.076677
0 0.505402 0.346645 0.033613 0.051118
0 0.470588 0.333067 0.019208 0.052716
0 0.339136 0.309904 0.020408 0.025559
0 0.298920 0.247604 0.038415 0.035144
0 0.349340 0.375399 0.031212 0.044728
0 0.028211 0.847444 0.054022 0.081470
0 0.067227 0.787540 0.016807 0.031949
0 0.041417 0.720447 0.034814 0.035144
0 0.603241 0.789137 0.044418 0.054313
0 0.338535 0.673323 0.036014 0.043131
0 0.397359 0.727636 0.028812 0.049521
0 0.778511 0.035942 0.042017 0.068690
0 0.597839 0.028754 0.038415 0.054313
0 0.482593 0.042332 0.033613 0.043131
0 0.427371 0.124601 0.033613 0.041534
0 0.382353 0.067093 0.037215 0.035144
0 0.408764 0.043131 0.027611 0.035144
0 0.205282 0.099840 0.033613 0.030351
0 0.625450 0.483227 0.021609 0.033546
0 0.552821 0.254792 0.030012 0.039936
0 0.385954 0.103834 0.020408 0.051118
0 0.361945 0.115016 0.015606 0.031949
0 0.256903 0.201278 0.038415 0.038339
0 0.929772 0.724441 0.070828 0.084665
0 0.807923 0.672524 0.040816 0.038339
0 0.808523 0.726837 0.044418 0.044728
0 0.949580 0.412939 0.031212 0.075080
0 0.900360 0.253994 0.036014 0.054313
0 0.876951 0.184505 0.042017 0.046326
0 0.910564 0.154153 0.044418 0.036741
0 0.918968 0.198083 0.030012 0.044728
0 0.747299 0.423323 0.032413 0.051118
0 0.535414 0.408147 0.028812 0.046326
0 0.418367 0.826677 0.042017 0.036741
0 0.485594 0.962460 0.030012 0.036741
0 0.751501 0.815495 0.052821 0.039936
0 0.940576 0.873802 0.051621 0.089457
0 0.980192 0.840256 0.039616 0.086262
0 0.709484 0.074281 0.026411 0.023962
0 0.648259 0.678115 0.043217 0.055911
0 0.490996 0.638978 0.026411 0.044728
0 0.734694 0.901757 0.031212 0.043131
0 0.795318 0.950479 0.015606 0.038339
0 0.581633 0.961661 0.032413 0.022364
0 0.522809 0.970447 0.025210 0.043131
0 0.448379 0.968850 0.027611 0.043131
0 0.353541 0.878594 0.027611 0.025559
0 0.344538 0.906550 0.026411 0.036741
0 0.363745 0.833067 0.036014 0.036741
0 0.682473 0.871406 0.030012 0.033546
0 0.712485 0.949681 0.025210 0.030351
0 0.753902 0.964058 0.016807 0.030351
0 0.287515 0.926518 0.020408 0.022364
0 0.222089 0.834665 0.031212 0.023962
0 0.063625 0.470447 0.028812 0.039936
0 0.158463 0.055911 0.036014 0.035144
0 0.564826 0.920927 0.022809 0.033546
0 0.590036 0.309105 0.025210 0.033546
0 0.818727 0.201278 0.038415 0.038339
0 0.937575 0.019968 0.033613 0.036741
0 0.848139 0.325879 0.051621 0.041534
0 0.280312 0.559105 0.030012 0.035144
0 0.286315 0.519169 0.027611 0.028754
0 0.639256 0.280351 0.030012 0.046326
0 0.255702 0.014377 0.036014 0.025559
0 0.019208 0.146166 0.028812 0.033546
0 0.543818 0.166933 0.038415 0.033546
0 0.855342 0.076677 0.046819 0.041534
0 0.989796 0.405751 0.020408 0.060703
