0 0.725090 0.087859 0.088836 0.095847
1 0.668067 0.133387 0.042017 0.055911
1 0.570828 0.147764 0.061224 0.059105
1 0.494598 0.101438 0.026411 0.043131
0 0.361945 0.859425 0.046819 0.057508
0 0.913565 0.339457 0.033613 0.052716
0 0.847539 0.749201 0.160864 0.191693
0 0.507803 0.620607 0.105642 0.126198
0 0.484994 0.501597 0.072029 0.086262
0 0.042617 0.519968 0.082833 0.126198
1 0.071429 0.311502 0.032413 0.060703
1 0.124250 0.229233 0.034814 0.039936
1 0.159664 0.154952 0.060024 0.076677
1 0.014406 0.163738 0.026411 0.046326
1 0.216086 0.943291 0.079232 0.113419
1 0.016206 0.958466 0.030012 0.076677
1 0.680072 0.702875 0.044418 0.067093
1 0.697479 0.568690 0.062425 0.076677
1 0.623649 0.845048 0.049220 0.063898
1 0.728691 0.931310 0.033613 0.054313
1 0.277911 0.369808 0.063625 0.084665
1 0.239496 0.468850 0.049220 0.062300
1 0.914166 0.576677 0.030012 0.041534
0 0.472389 0.353834 0.018007 0.030351
0 0.238295 0.778754 0.027611 0.046326
1 0.542017 0.896965 0.037215 0.055911
1 0.468187 0.942492 0.028812 0.044728
0 0.960384 0.916933 0.038415 0.067093
0 0.602641 0.419329 0.076831 0.113419
0 0.831933 0.095847 0.019208 0.038339
1 0.433974 0.055112 0.039616 0.036741
1 0.354142 0.400958 0.031212 0.038339
1 0.433974 0.213259 0.030012 0.039936
1 0.129052 0.397764 0.030012 0.044728
1 0.277311 0.856230 0.045618 0.051118
1 0.403361 0.690096 0.024010 0.038339
1 0.423169 0.383387 0.025210 0.041534
1 0.152461 0.647764 0.028812 0.043131
1 0.078031 0.079073 0.040816 0.065495
1 0.674670 0.986422 0.043217 0.027157
1 0.940576 0.591054 0.030012 0.044728
0 0.551020 0.833067 0.026411 0.036741
