0 0.702881 0.550319 0.342137 0.535144
0 0.738295 0.139776 0.062425 0.107029
0 0.402761 0.194888 0.058824 0.076677
0 0.018607 0.861022 0.034814 0.079872
0 0.340336 0.811502 0.085234 0.067093
0 0.659664 0.873003 0.044418 0.059105
0 0.445978 0.922524 0.042017 0.068690
0 0.164466 0.026358 0.043217 0.046326
1 0.061224 0.093450 0.045618 0.075080
1 0.919568 0.359425 0.072029 0.102236
0 0.904562 0.587859 0.030012 0.060703
0 0.899160 0.448882 0.040816 0.057508
1 0.097839 0.485623 0.061224 0.079872
1 0.246098 0.531150 0.064826 0.113419
0 0.140456 0.406550 0.038415 0.059105
1 0.155462 0.238019 0.049220 0.067093
1 0.275510 0.165335 0.030012 0.049521
1 0.101441 0.950479 0.044418 0.083067
1 0.410564 0.646166 0.079232 0.129393
0 0.351741 0.543131 0.036014 0.060703
0 0.515006 0.099840 0.036014 0.065495
0 0.436375 0.422524 0.027611 0.059105
0 0.266507 0.926518 0.072029 0.146965
0 0.513205 0.802716 0.042017 0.059105
0 0.278511 0.265974 0.055222 0.065495
0 0.155462 0.315495 0.056423 0.065495
1 0.923169 0.096645 0.081633 0.097444
0 0.771309 0.061502 0.061224 0.087859
0 0.650060 0.047125 0.039616 0.075080
0 0.965786 0.944888 0.068427 0.110224
