0 0.499400 0.552716 0.081633 0.140575
0 0.308523 0.916134 0.072029 0.084665
0 0.121849 0.913738 0.056423 0.073482
0 0.070228 0.784345 0.034814 0.038339
0 0.016807 0.876997 0.031212 0.044728
0 0.506603 0.860224 0.060024 0.071885
0 0.960384 0.648562 0.026411 0.076677
0 0.726891 0.157348 0.073229 0.078275
0 0.653061 0.162939 0.069628 0.083067
0 0.884154 0.506390 0.042017 0.060703
0 0.846339 0.470447 0.040816 0.055911
0 0.798920 0.414537 0.042017 0.078275
0 0.746699 0.339457 0.038415 0.055911
0 0.621849 0.269968 0.069628 0.076677
0 0.425570 0.373802 0.075630 0.089457
0 0.473589 0.433706 0.039616 0.059105
0 0.524010 0.349840 0.049220 0.076677
0 0.560624 0.424121 0.052821 0.075080
0 0.777311 0.296326 0.044418 0.049521
0 0.700480 0.263578 0.037215 0.044728
0 0.839736 0.260383 0.037215 0.060703
0 0.944178 0.019169 0.037215 0.035144
0 0.027011 0.208466 0.042017 0.081470
0 0.094838 0.059904 0.036014 0.046326
0 0.360744 0.762780 0.027611 0.052716
0 0.525810 0.932907 0.024010 0.044728
0 0.868547 0.767572 0.044418 0.065495
0 0.704082 0.916933 0.049220 0.073482
0 0.945978 0.411342 0.021609 0.033546
0 0.641657 0.952875 0.030012 0.049521
0 0.958583 0.107827 0.022809 0.043131
0 0.401561 0.281150 0.032413 0.038339
0 0.509004 0.222843 0.028812 0.059105
0 0.174670 0.685304 0.027611 0.044728
0 0.435174 0.524760 0.037215 0.052716
0 0.390756 0.650160 0.042017 0.038339
0 0.020408 0.624601 0.038415 0.051118
0 0.278511 0.841054 0.028812 0.027157
0 0.800120 0.591853 0.037215 0.043131
0 0.177671 0.470447 0.038415 0.039936
0 0.366146 0.390575 0.028812 0.033546
0 0.391357 0.515176 0.048019 0.043131
0 0.395558 0.475240 0.034814 0.023962
0 0.315126 0.662141 0.030012 0.036741
0 0.605042 0.310703 0.036014 0.039936
1 0.097239 0.408946 0.124850 0.178914
1 0.079232 0.150160 0.156062 0.297125
0 0.790516 0.779553 0.025210 0.041534
