0 0.246098 0.081470 0.067227 0.079872
0 0.046218 0.476038 0.066026 0.134185
0 0.128451 0.910543 0.112845 0.146965
0 0.827731 0.191693 0.080432 0.076677
0 0.753301 0.244409 0.049220 0.067093
0 0.651261 0.465655 0.061224 0.084665
0 0.866747 0.319489 0.040816 0.060703
0 0.454382 0.230032 0.058824 0.063898
0 0.269508 0.206869 0.070828 0.065495
0 0.020408 0.060703 0.038415 0.105431
0 0.136255 0.030351 0.056423 0.038339
0 0.357743 0.499201 0.052821 0.068690
0 0.372149 0.441693 0.045618 0.071885
0 0.629652 0.825879 0.217287 0.226837
0 0.843938 0.557508 0.050420 0.054313
0 0.769508 0.660543 0.079232 0.084665
0 0.439976 0.953674 0.116447 0.092652
0 0.879952 0.765176 0.074430 0.105431
0 0.756303 0.794728 0.038415 0.052716
0 0.861945 0.892173 0.060024 0.065495
0 0.454382 0.555911 0.037215 0.044728
0 0.836134 0.395367 0.054022 0.065495
0 0.722689 0.395367 0.060024 0.103834
0 0.213685 0.498403 0.043217 0.070288
0 0.453181 0.824281 0.068427 0.115016
0 0.509604 0.387380 0.128451 0.161342
0 0.173469 0.645367 0.109244 0.115016
0 0.024010 0.229233 0.045618 0.110224
0 0.959784 0.415335 0.080432 0.223642
0 0.689076 0.582268 0.052821 0.055911
0 0.780312 0.491214 0.036014 0.059105
0 0.426170 0.145367 0.050420 0.051118
0 0.306122 0.313898 0.072029 0.091054
0 0.357143 0.325879 0.054022 0.067093
0 0.519808 0.670128 0.045618 0.071885
0 0.333133 0.822684 0.078031 0.121406
0 0.587035 0.285144 0.069628 0.078275
0 0.108043 0.454473 0.057623 0.071885
