0 0.337335 0.348243 0.110444 0.150160
0 0.313926 0.628594 0.058824 0.081470
0 0.251501 0.912141 0.049220 0.063898
0 0.327731 0.871406 0.057623 0.071885
0 0.696279 0.746805 0.045618 0.065495
0 0.052821 0.706070 0.038415 0.044728
0 0.609244 0.130990 0.039616 0.057508
0 0.906963 0.503994 0.044418 0.055911
0 0.707083 0.325879 0.033613 0.051118
0 0.948379 0.142971 0.050420 0.065495
0 0.666867 0.562300 0.039616 0.054313
0 0.708283 0.492013 0.040816 0.057508
1 0.107443 0.187700 0.032413 0.052716
1 0.516206 0.432109 0.040816 0.055911
0 0.099640 0.710863 0.036014 0.047923
0 0.380552 0.726837 0.024010 0.035144
