0 0.485594 0.589457 0.082833 0.092652
0 0.882353 0.424121 0.067227 0.087859
0 0.055822 0.579872 0.034814 0.051118
0 0.034814 0.484026 0.055222 0.083067
0 0.066627 0.452077 0.022809 0.038339
0 0.137455 0.399361 0.034814 0.041534
0 0.157263 0.488019 0.036014 0.055911
0 0.108643 0.529553 0.044418 0.033546
0 0.093637 0.574281 0.043217 0.046326
0 0.148259 0.596645 0.027611 0.027157
0 0.167467 0.730032 0.037215 0.054313
0 0.040816 0.709265 0.033613 0.060703
0 0.145858 0.779553 0.030012 0.051118
0 0.110444 0.793131 0.024010 0.039936
0 0.216687 0.817093 0.044418 0.052716
0 0.259904 0.752396 0.030012 0.035144
0 0.360144 0.731629 0.038415 0.038339
0 0.067827 0.149361 0.030012 0.030351
0 0.031212 0.123802 0.026411 0.046326
0 0.017407 0.257188 0.032413 0.031949
0 0.056423 0.299521 0.031212 0.046326
0 0.016807 0.342652 0.031212 0.036741
0 0.028812 0.424920 0.026411 0.028754
0 0.133854 0.339457 0.027611 0.052716
0 0.348739 0.129393 0.049220 0.060703
0 0.196279 0.432907 0.030012 0.047923
0 0.229892 0.350639 0.030012 0.049521
0 0.247899 0.383387 0.034814 0.028754
0 0.287515 0.374601 0.022809 0.033546
0 0.186074 0.243610 0.024010 0.027157
0 0.378151 0.063898 0.028812 0.044728
0 0.513205 0.053514 0.027611 0.039936
0 0.632053 0.161342 0.054022 0.092652
0 0.241297 0.077476 0.028812 0.020767
0 0.528812 0.151757 0.034814 0.044728
0 0.527011 0.181310 0.024010 0.039936
0 0.559424 0.201278 0.031212 0.044728
0 0.579832 0.262780 0.033613 0.043131
0 0.592437 0.320288 0.032413 0.049521
0 0.537215 0.386581 0.034814 0.044728
0 0.436975 0.388179 0.026411 0.031949
0 0.344538 0.206869 0.036014 0.030351
0 0.558824 0.074281 0.037215 0.043131
0 0.820528 0.023962 0.022809 0.035144
0 0.690276 0.350639 0.048019 0.059105
0 0.384754 0.860224 0.027611 0.046326
0 0.371549 0.789936 0.061224 0.068690
0 0.361945 0.955272 0.051621 0.073482
0 0.310924 0.924121 0.036014 0.036741
0 0.314526 0.883387 0.033613 0.041534
0 0.219088 0.651757 0.032413 0.041534
0 0.206483 0.501597 0.028812 0.031949
0 0.481993 0.888978 0.025210 0.036741
0 0.509604 0.889776 0.022809 0.047923
0 0.494598 0.924920 0.028812 0.044728
0 0.542017 0.976038 0.032413 0.047923
0 0.692077 0.794728 0.032413 0.046326
0 0.562425 0.769169 0.037215 0.059105
0 0.490996 0.760383 0.028812 0.044728
0 0.925570 0.843450 0.031212 0.044728
0 0.757503 0.506390 0.040816 0.047923
0 0.713085 0.529553 0.036014 0.049521
0 0.739496 0.555112 0.033613 0.039936
0 0.928571 0.337859 0.042017 0.059105
0 0.876351 0.282748 0.033613 0.031949
0 0.873349 0.247604 0.034814 0.031949
0 0.868547 0.145367 0.032413 0.047923
0 0.833133 0.141374 0.019208 0.043131
0 0.768307 0.145367 0.024010 0.028754
0 0.782113 0.092652 0.032413 0.044728
0 0.740096 0.158147 0.020408 0.047923
0 0.944178 0.194888 0.025210 0.031949
0 0.966987 0.323482 0.037215 0.052716
0 0.973589 0.277955 0.038415 0.051118
0 0.636255 0.766773 0.021609 0.031949
0 0.645858 0.825879 0.024010 0.031949
0 0.596038 0.737220 0.030012 0.033546
0 0.711285 0.753994 0.030012 0.044728
0 0.727491 0.632588 0.028812 0.031949
0 0.672869 0.507987 0.032413 0.047923
0 0.537815 0.496805 0.033613 0.038339
0 0.614046 0.472045 0.027611 0.036741
0 0.227491 0.207668 0.032413 0.041534
0 0.123049 0.863419 0.022809 0.055911
0 0.067227 0.928914 0.031212 0.033546
0 0.409364 0.860224 0.019208 0.030351
0 0.959784 0.842652 0.034814 0.052716
0 0.881152 0.637380 0.031212 0.047923
0 0.880552 0.478435 0.025210 0.036741
0 0.853541 0.547125 0.038415 0.043131
0 0.792317 0.248403 0.021609 0.023962
0 0.863145 0.712460 0.028812 0.035144
0 0.836134 0.837061 0.030012 0.031949
0 0.620048 0.556709 0.032413 0.036741
0 0.914166 0.119010 0.027611 0.036741
0 0.951381 0.107029 0.032413 0.047923
0 0.956182 0.061502 0.034814 0.033546
0 0.831333 0.210064 0.027611 0.027157
0 0.981993 0.162141 0.021609 0.036741
0 0.668667 0.106230 0.036014 0.027157
0 0.692677 0.075879 0.033613 0.039936
0 0.662065 0.035144 0.022809 0.028754
0 0.798319 0.906550 0.033613 0.065495
0 0.449580 0.490415 0.030012 0.038339
0 0.321128 0.030351 0.027611 0.031949
0 0.292317 0.553514 0.030012 0.036741
0 0.807923 0.319489 0.040816 0.044728
0 0.963986 0.777955 0.019208 0.025559
0 0.780912 0.016773 0.015606 0.030351
