0 0.710084 0.662141 0.075630 0.107029
0 0.266507 0.198083 0.060024 0.079872
0 0.034814 0.555112 0.067227 0.087859
0 0.540216 0.823482 0.086435 0.116613
0 0.331933 0.787540 0.051621 0.063898
0 0.874550 0.478435 0.054022 0.068690
0 0.221489 0.533546 0.034814 0.044728
0 0.819928 0.268371 0.064826 0.076677
0 0.343337 0.391374 0.033613 0.044728
0 0.130852 0.178914 0.040816 0.054313
0 0.714286 0.287540 0.028812 0.044728
0 0.027611 0.337061 0.038415 0.051118
1 0.202281 0.615815 0.037215 0.043131
0 0.445378 0.955272 0.024010 0.035144
