0 0.243697 0.694888 0.103241 0.115016
0 0.683673 0.305112 0.090036 0.086262
0 0.227491 0.371406 0.061224 0.100639
0 0.051621 0.470447 0.079232 0.071885
0 0.207683 0.052716 0.036014 0.044728
1 0.734094 0.849042 0.061224 0.097444
1 0.062425 0.732428 0.040816 0.065495
1 0.444178 0.949681 0.064826 0.087859
1 0.129652 0.385783 0.067227 0.084665
0 0.917167 0.942492 0.069628 0.079872
1 0.965186 0.820288 0.050420 0.071885
1 0.478391 0.048722 0.058824 0.065495
0 0.274910 0.534345 0.076831 0.068690
0 0.769508 0.515176 0.074430 0.100639
0 0.484394 0.827476 0.046819 0.057508
0 0.637455 0.944888 0.033613 0.062300
1 0.510804 0.439297 0.044418 0.067093
0 0.602041 0.848243 0.046819 0.073482
1 0.931573 0.031150 0.079232 0.059105
1 0.618247 0.139776 0.064826 0.049521
1 0.244298 0.274760 0.080432 0.063898
1 0.971188 0.239617 0.057623 0.063898
0 0.935174 0.383387 0.040816 0.044728
0 0.860144 0.293131 0.056423 0.062300
0 0.059424 0.406550 0.044418 0.059105
1 0.324730 0.956869 0.051621 0.086262
0 0.872749 0.694089 0.026411 0.030351
1 0.525210 0.363419 0.082833 0.052716
1 0.372149 0.773163 0.033613 0.076677
0 0.407563 0.754792 0.030012 0.055911
1 0.179472 0.846645 0.044418 0.079872
0 0.759304 0.228435 0.042017 0.060703
1 0.722089 0.227636 0.042017 0.068690
1 0.837335 0.037540 0.078031 0.071885
0 0.792917 0.886581 0.046819 0.047923
1 0.662665 0.758786 0.043217 0.067093
1 0.667467 0.413738 0.045618 0.073482
1 0.565426 0.468051 0.045618 0.051118
