0 0.186675 0.317891 0.159664 0.207668
0 0.753301 0.444089 0.140456 0.166134
0 0.410564 0.742812 0.081633 0.134185
0 0.367347 0.817093 0.033613 0.052716
0 0.324730 0.764377 0.061224 0.068690
0 0.355342 0.573482 0.067227 0.089457
0 0.267707 0.763578 0.028812 0.041534
0 0.066026 0.686102 0.043217 0.039936
0 0.354742 0.165335 0.058824 0.068690
0 0.463385 0.047125 0.074430 0.091054
0 0.213685 0.110224 0.028812 0.041534
0 0.611645 0.186102 0.058824 0.097444
0 0.527611 0.169329 0.037215 0.054313
0 0.425570 0.570288 0.037215 0.054313
0 0.875150 0.925719 0.064826 0.087859
0 0.917167 0.927316 0.033613 0.043131
0 0.918968 0.589457 0.032413 0.057508
0 0.663866 0.700479 0.052821 0.071885
0 0.540216 0.757987 0.033613 0.052716
0 0.288715 0.470447 0.034814 0.049521
0 0.030612 0.438498 0.034814 0.052716
0 0.288115 0.368211 0.043217 0.043131
0 0.285714 0.283546 0.031212 0.039936
0 0.812125 0.043930 0.037215 0.059105
0 0.875750 0.365815 0.030012 0.063898
0 0.972389 0.570288 0.024010 0.038339
0 0.854142 0.817891 0.030012 0.041534
0 0.393157 0.422524 0.037215 0.046326
0 0.142857 0.110224 0.031212 0.025559
0 0.195678 0.063898 0.036014 0.022364
0 0.209484 0.023962 0.032413 0.035144
0 0.089436 0.071885 0.030012 0.038339
0 0.908163 0.155751 0.032413 0.059105
0 0.772509 0.657348 0.042017 0.043131
0 0.259304 0.605431 0.040816 0.044728
0 0.333133 0.555911 0.027611 0.031949
0 0.126651 0.769968 0.106843 0.115016
0 0.303721 0.901757 0.074430 0.084665
0 0.241297 0.747604 0.026411 0.041534
0 0.744898 0.266773 0.032413 0.044728
0 0.701681 0.078275 0.044418 0.060703
0 0.491597 0.133387 0.034814 0.036741
0 0.967587 0.019968 0.050420 0.036741
0 0.806122 0.879393 0.039616 0.059105
0 0.797719 0.937700 0.042017 0.041534
0 0.606843 0.795527 0.032413 0.038339
0 0.496999 0.616613 0.031212 0.044728
0 0.412365 0.177316 0.044418 0.063898
0 0.039016 0.350639 0.020408 0.036741
0 0.015006 0.369808 0.020408 0.036741
0 0.122449 0.435304 0.024010 0.039936
0 0.423169 0.299521 0.027611 0.030351
0 0.094838 0.309105 0.033613 0.036741
0 0.054622 0.259585 0.037215 0.039936
0 0.535414 0.128594 0.031212 0.030351
0 0.147659 0.946486 0.038415 0.046326
0 0.094238 0.861821 0.020408 0.033546
0 0.262305 0.685304 0.034814 0.038339
0 0.496999 0.722843 0.021609 0.030351
0 0.532413 0.982428 0.032413 0.035144
0 0.607443 0.983227 0.026411 0.033546
0 0.911765 0.740415 0.034814 0.039936
0 0.938776 0.825879 0.031212 0.035144
0 0.959784 0.777157 0.027611 0.030351
0 0.525210 0.246006 0.027611 0.025559
0 0.285114 0.151757 0.034814 0.038339
0 0.708283 0.438498 0.021609 0.033546
0 0.112845 0.615016 0.014406 0.022364
0 0.291717 0.519169 0.024010 0.035144
0 0.605042 0.869808 0.026411 0.036741
0 0.313926 0.083067 0.066026 0.099042
0 0.124250 0.088658 0.032413 0.030351
0 0.161465 0.054313 0.022809 0.022364
0 0.456182 0.095847 0.024010 0.025559
0 0.848739 0.756390 0.031212 0.030351
