0 0.253902 0.695687 0.051621 0.091054
0 0.537815 0.951278 0.115246 0.097444
0 0.740696 0.709265 0.057623 0.108626
0 0.683073 0.767572 0.038415 0.065495
0 0.160864 0.083866 0.050420 0.094249
0 0.305522 0.633387 0.042017 0.071885
0 0.220888 0.613419 0.026411 0.044728
0 0.185474 0.573482 0.034814 0.060703
0 0.337335 0.404153 0.057623 0.070288
0 0.854742 0.935304 0.048019 0.091054
0 0.911164 0.934505 0.045618 0.070288
0 0.809724 0.841853 0.042017 0.063898
0 0.821729 0.750000 0.051621 0.087859
0 0.869748 0.447284 0.042017 0.060703
0 0.833133 0.569489 0.098439 0.110224
0 0.605642 0.197284 0.046819 0.078275
0 0.882353 0.128594 0.069628 0.091054
0 0.925570 0.028754 0.031212 0.054313
0 0.821729 0.204473 0.039616 0.038339
0 0.990996 0.271565 0.015606 0.044728
0 0.812125 0.375399 0.027611 0.070288
0 0.759904 0.433706 0.038415 0.078275
0 0.295918 0.923323 0.046819 0.063898
0 0.388355 0.915335 0.027611 0.031949
0 0.549220 0.522364 0.039616 0.047923
0 0.553421 0.488818 0.050420 0.035144
0 0.409964 0.488019 0.025210 0.033546
0 0.207083 0.492812 0.030012 0.039936
0 0.225090 0.539137 0.034814 0.049521
0 0.132053 0.182109 0.038415 0.070288
0 0.452581 0.073482 0.040816 0.057508
0 0.380552 0.146965 0.055222 0.063898
0 0.375150 0.273163 0.027611 0.041534
0 0.505402 0.233227 0.036014 0.038339
0 0.561825 0.190895 0.052821 0.055911
0 0.382953 0.058307 0.033613 0.049521
0 0.314526 0.217252 0.033613 0.054313
0 0.067227 0.376198 0.040816 0.059105
0 0.097839 0.476837 0.025210 0.043131
0 0.180072 0.904952 0.033613 0.055911
0 0.080432 0.793131 0.028812 0.043131
0 0.187875 0.678914 0.044418 0.054313
0 0.164466 0.731629 0.048019 0.051118
0 0.231092 0.280351 0.025210 0.039936
0 0.222089 0.133387 0.028812 0.052716
0 0.217287 0.027157 0.024010 0.044728
0 0.506002 0.876997 0.039616 0.044728
0 0.433373 0.748403 0.024010 0.039936
0 0.432773 0.674121 0.032413 0.041534
0 0.663866 0.899361 0.052821 0.086262
0 0.492797 0.821885 0.022809 0.030351
0 0.370348 0.355431 0.042017 0.062300
0 0.406363 0.314696 0.044418 0.041534
0 0.586435 0.320288 0.025210 0.033546
0 0.593637 0.357827 0.022809 0.038339
0 0.720888 0.287540 0.020408 0.054313
0 0.690876 0.285144 0.022809 0.071885
0 0.689676 0.170927 0.032413 0.038339
0 0.680672 0.120607 0.036014 0.033546
0 0.633854 0.121406 0.040816 0.054313
0 0.823529 0.167732 0.028812 0.044728
0 0.983193 0.791534 0.033613 0.075080
0 0.922569 0.702077 0.025210 0.052716
0 0.910564 0.814696 0.025210 0.073482
0 0.591236 0.763578 0.025210 0.031949
0 0.695678 0.886581 0.027611 0.038339
0 0.357743 0.725240 0.021609 0.057508
0 0.220288 0.865016 0.032413 0.039936
0 0.252101 0.932109 0.033613 0.049521
0 0.058824 0.973642 0.031212 0.036741
0 0.286915 0.462460 0.031212 0.046326
0 0.513806 0.297125 0.036014 0.038339
0 0.478992 0.327476 0.026411 0.031949
0 0.828331 0.260383 0.038415 0.044728
0 0.938175 0.386581 0.042017 0.051118
0 0.957383 0.466454 0.039616 0.047923
0 0.983794 0.320288 0.022809 0.030351
0 0.539616 0.590256 0.022809 0.036741
0 0.632653 0.323482 0.026411 0.043131
0 0.318727 0.132588 0.039616 0.028754
0 0.432173 0.015974 0.040816 0.028754
0 0.142257 0.423323 0.032413 0.028754
0 0.219088 0.821086 0.032413 0.038339
0 0.112845 0.755591 0.031212 0.041534
