0 0.513205 0.374601 0.094838 0.129393
0 0.057023 0.222045 0.073229 0.099042
0 0.114046 0.099042 0.038415 0.054313
0 0.397359 0.136581 0.050420 0.068690
0 0.602041 0.610224 0.051621 0.076677
0 0.340936 0.692492 0.048019 0.071885
0 0.305522 0.746805 0.042017 0.071885
0 0.674070 0.185304 0.034814 0.047923
0 0.984394 0.144569 0.031212 0.087859
0 0.959184 0.330671 0.081633 0.210863
1 0.308523 0.071885 0.060024 0.095847
1 0.054022 0.055112 0.038415 0.055911
1 0.135054 0.016773 0.049220 0.030351
1 0.210684 0.589457 0.037215 0.044728
1 0.258103 0.797125 0.036014 0.067093
1 0.342737 0.881789 0.037215 0.051118
1 0.310924 0.947284 0.031212 0.051118
1 0.411164 0.948882 0.063625 0.076677
1 0.518607 0.623003 0.052821 0.073482
1 0.446579 0.633387 0.045618 0.055911
1 0.313325 0.450479 0.048019 0.057508
1 0.313926 0.329872 0.063625 0.084665
1 0.819928 0.345048 0.040816 0.054313
1 0.765906 0.317093 0.036014 0.068690
1 0.820528 0.238818 0.039616 0.065495
1 0.530612 0.107029 0.043217 0.060703
1 0.594238 0.161342 0.031212 0.067093
