0 0.863745 0.384185 0.030012 0.055911
0 0.146459 0.617412 0.076831 0.097444
0 0.197479 0.326677 0.061224 0.097444
0 0.152461 0.051917 0.091236 0.100639
0 0.085834 0.029553 0.044418 0.055911
0 0.337935 0.534345 0.044418 0.062300
0 0.203481 0.458466 0.032413 0.038339
0 0.235294 0.646166 0.031212 0.036741
0 0.611645 0.472045 0.044418 0.071885
0 0.424970 0.571086 0.048019 0.055911
0 0.478391 0.550319 0.037215 0.055911
0 0.354742 0.333067 0.039616 0.023962
0 0.711285 0.097444 0.058824 0.079872
0 0.627251 0.072684 0.061224 0.084665
0 0.673469 0.040735 0.048019 0.068690
0 0.884754 0.071086 0.050420 0.065495
0 0.869148 0.613419 0.040816 0.067093
0 0.145858 0.742013 0.037215 0.036741
0 0.259904 0.570288 0.034814 0.044728
0 0.457983 0.747604 0.044418 0.044728
0 0.248499 0.365815 0.033613 0.028754
0 0.201080 0.388179 0.025210 0.028754
0 0.135654 0.143770 0.057623 0.063898
0 0.402161 0.055911 0.026411 0.044728
0 0.509004 0.100639 0.033613 0.051118
0 0.547419 0.025559 0.040816 0.047923
0 0.788115 0.409744 0.032413 0.049521
0 0.741897 0.396166 0.028812 0.031949
0 0.638655 0.261182 0.043217 0.059105
0 0.665066 0.169329 0.028812 0.041534
0 0.736495 0.431310 0.037215 0.044728
0 0.819328 0.303514 0.030012 0.025559
0 0.880552 0.555112 0.030012 0.046326
0 0.926170 0.583866 0.061224 0.110224
0 0.839736 0.702875 0.051621 0.076677
0 0.542017 0.855431 0.037215 0.036741
0 0.673469 0.814696 0.031212 0.028754
0 0.657863 0.853035 0.036014 0.057508
0 0.631453 0.827476 0.026411 0.031949
0 0.274310 0.857827 0.037215 0.035144
0 0.266507 0.781150 0.021609 0.041534
0 0.246098 0.741214 0.038415 0.041534
0 0.229292 0.701278 0.038415 0.031949
0 0.506603 0.633387 0.033613 0.036741
0 0.745498 0.722045 0.038415 0.051118
0 0.837335 0.853834 0.044418 0.068690
0 0.908163 0.889776 0.046819 0.047923
0 0.975390 0.761182 0.046819 0.043131
0 0.835534 0.218051 0.031212 0.027157
0 0.800720 0.936901 0.021609 0.039936
0 0.888956 0.948882 0.025210 0.047923
0 0.864946 0.983227 0.034814 0.033546
0 0.701080 0.873802 0.033613 0.028754
0 0.740096 0.837859 0.044418 0.049521
0 0.756903 0.944089 0.032413 0.060703
0 0.241297 0.269968 0.028812 0.031949
0 0.484994 0.164537 0.033613 0.041534
0 0.466987 0.206070 0.036014 0.025559
0 0.469388 0.230831 0.031212 0.020767
0 0.708283 0.190096 0.033613 0.035144
0 0.878151 0.015974 0.037215 0.028754
0 0.648860 0.527157 0.025210 0.044728
0 0.686074 0.651757 0.032413 0.041534
0 0.657863 0.679712 0.028812 0.046326
0 0.582833 0.618211 0.027611 0.044728
0 0.827131 0.397764 0.036014 0.060703
0 0.772509 0.266773 0.037215 0.035144
0 0.802521 0.194888 0.025210 0.035144
0 0.962185 0.160543 0.030012 0.036741
0 0.153661 0.797125 0.026411 0.035144
0 0.169868 0.924121 0.027611 0.039936
0 0.118848 0.897764 0.031212 0.038339
0 0.042017 0.380192 0.033613 0.028754
0 0.427971 0.706070 0.025210 0.028754
0 0.942377 0.663738 0.038415 0.049521
0 0.337935 0.115016 0.027611 0.038339
0 0.046819 0.638179 0.021609 0.036741
0 0.609244 0.775559 0.042017 0.046326
0 0.584034 0.880990 0.025210 0.030351
0 0.521008 0.803514 0.021609 0.038339
0 0.282113 0.955272 0.028812 0.022364
0 0.601441 0.964058 0.019208 0.039936
0 0.055822 0.801118 0.027611 0.039936
0 0.555822 0.171725 0.036014 0.030351
0 0.204082 0.235623 0.026411 0.030351
0 0.383553 0.203674 0.030012 0.043131
0 0.309124 0.209265 0.032413 0.047923
0 0.991597 0.237220 0.016807 0.046326
0 0.882953 0.391374 0.025210 0.038339
0 0.035414 0.054313 0.027611 0.025559
0 0.055822 0.317093 0.027611 0.033546
0 0.117647 0.474441 0.026411 0.028754
0 0.292917 0.423323 0.021609 0.035144
0 0.344538 0.445687 0.026411 0.028754
0 0.394358 0.726837 0.015606 0.031949
0 0.633854 0.693291 0.026411 0.041534
0 0.263505 0.829073 0.020408 0.044728
0 0.616447 0.312300 0.027611 0.030351
0 0.022209 0.713259 0.022809 0.043131
0 0.049220 0.928914 0.031212 0.043131
0 0.833733 0.595847 0.027611 0.044728
0 0.613445 0.178914 0.033613 0.044728
0 0.229892 0.054313 0.027611 0.035144
