0 0.489196 0.229233 0.111645 0.138978
0 0.278511 0.692492 0.081633 0.100639
0 0.355342 0.849042 0.050420 0.055911
0 0.330132 0.799521 0.043217 0.049521
0 0.339736 0.932109 0.038415 0.049521
0 0.528812 0.931310 0.063625 0.089457
0 0.919568 0.099042 0.040816 0.063898
0 0.181273 0.043930 0.033613 0.049521
0 0.148259 0.111022 0.030012 0.046326
0 0.246699 0.014377 0.058824 0.025559
0 0.253902 0.063898 0.037215 0.041534
0 0.320528 0.055112 0.031212 0.055911
0 0.190876 0.422524 0.033613 0.049521
1 0.551020 0.585463 0.052821 0.068690
1 0.498800 0.579073 0.044418 0.055911
1 0.423770 0.595847 0.050420 0.054313
0 0.402761 0.705272 0.051621 0.071885
0 0.339736 0.681310 0.033613 0.059105
0 0.455582 0.730831 0.030012 0.049521
1 0.926771 0.664537 0.060024 0.092652
1 0.755702 0.706070 0.049220 0.054313
1 0.710084 0.795527 0.044418 0.054313
1 0.603842 0.646166 0.043217 0.049521
1 0.523409 0.400958 0.043217 0.063898
1 0.246098 0.503195 0.028812 0.047923
1 0.274910 0.489617 0.028812 0.036741
0 0.035414 0.632588 0.030012 0.031949
0 0.069028 0.703674 0.037215 0.062300
0 0.108643 0.603834 0.037215 0.044728
0 0.141657 0.710863 0.064826 0.086262
0 0.260504 0.287540 0.038415 0.051118
