0 0.855342 0.681310 0.099640 0.126198
0 0.686675 0.666134 0.048019 0.092652
0 0.686675 0.531949 0.050420 0.099042
0 0.926170 0.489617 0.046819 0.075080
0 0.954982 0.444888 0.042017 0.046326
0 0.969388 0.401757 0.034814 0.039936
0 0.862545 0.343450 0.025210 0.047923
0 0.905762 0.305112 0.037215 0.044728
0 0.872149 0.222843 0.044418 0.052716
0 0.978391 0.250000 0.033613 0.043131
0 0.920768 0.172524 0.036014 0.057508
0 0.952581 0.134185 0.022809 0.054313
0 0.977791 0.686102 0.039616 0.071885
0 0.989796 0.877796 0.020408 0.062300
0 0.864346 0.845048 0.026411 0.057508
0 0.843337 0.866613 0.039616 0.046326
0 0.878752 0.764377 0.028812 0.033546
0 0.791116 0.484026 0.033613 0.044728
0 0.142857 0.152556 0.084034 0.084665
0 0.046218 0.046326 0.054022 0.060703
0 0.163866 0.491214 0.030012 0.068690
0 0.133253 0.504792 0.036014 0.044728
0 0.046819 0.690895 0.040816 0.055911
0 0.172869 0.869010 0.033613 0.044728
0 0.238295 0.972843 0.044418 0.054313
0 0.478391 0.765974 0.056423 0.059105
0 0.408764 0.750000 0.049220 0.049521
0 0.227491 0.712460 0.044418 0.051118
0 0.409964 0.904952 0.025210 0.033546
0 0.267107 0.474441 0.032413 0.044728
0 0.508403 0.420927 0.051621 0.062300
0 0.483794 0.530351 0.031212 0.031949
0 0.388355 0.535942 0.034814 0.049521
0 0.498199 0.610224 0.048019 0.051118
0 0.436375 0.413738 0.032413 0.044728
0 0.540216 0.269169 0.045618 0.065495
0 0.574430 0.346645 0.027611 0.035144
0 0.671068 0.350639 0.038415 0.062300
0 0.710684 0.379393 0.033613 0.030351
0 0.633253 0.125399 0.037215 0.062300
0 0.645858 0.026358 0.033613 0.049521
0 0.536014 0.088658 0.054022 0.071885
0 0.473589 0.023163 0.034814 0.043131
0 0.261104 0.067891 0.034814 0.065495
0 0.229292 0.148562 0.033613 0.051118
0 0.213685 0.166933 0.043217 0.039936
0 0.357743 0.249201 0.043217 0.054313
0 0.358944 0.388978 0.026411 0.023962
0 0.770108 0.309904 0.034814 0.035144
0 0.701080 0.234026 0.036014 0.023962
0 0.476591 0.468850 0.045618 0.043131
0 0.735294 0.703674 0.037215 0.068690
0 0.493998 0.146965 0.037215 0.035144
0 0.586435 0.432907 0.030012 0.054313
0 0.418968 0.651757 0.033613 0.035144
0 0.401561 0.674121 0.030012 0.047923
0 0.376951 0.075879 0.036014 0.049521
0 0.322329 0.059904 0.025210 0.039936
0 0.819928 0.161342 0.028812 0.031949
0 0.840936 0.616613 0.025210 0.051118
0 0.634454 0.639776 0.027611 0.039936
0 0.009604 0.514377 0.016807 0.060703
