0 0.096639 0.337859 0.133253 0.161342
0 0.196279 0.093450 0.109244 0.138978
0 0.141657 0.740415 0.067227 0.081470
0 0.573229 0.341054 0.051621 0.084665
0 0.490996 0.948882 0.048019 0.086262
1 0.968187 0.642173 0.063625 0.108626
0 0.509604 0.713259 0.046819 0.049521
0 0.507803 0.420128 0.052821 0.051118
0 0.246098 0.396166 0.062425 0.060703
0 0.300720 0.083866 0.042017 0.052716
0 0.320528 0.911342 0.055222 0.065495
1 0.310924 0.464058 0.038415 0.065495
1 0.711285 0.501597 0.068427 0.092652
1 0.077431 0.766773 0.054022 0.067093
1 0.944178 0.802716 0.075630 0.097444
1 0.887755 0.895367 0.082833 0.129393
1 0.947779 0.044728 0.104442 0.067093
0 0.043217 0.960863 0.069628 0.078275
0 0.624850 0.965655 0.087635 0.068690
1 0.861945 0.559105 0.057623 0.067093
1 0.663265 0.585463 0.054022 0.055911
1 0.543818 0.257188 0.067227 0.060703
1 0.108643 0.637380 0.058824 0.079872
0 0.840936 0.899361 0.044418 0.070288
0 0.235294 0.554313 0.052821 0.060703
1 0.722689 0.236422 0.026411 0.038339
1 0.792917 0.162939 0.022809 0.041534
0 0.511405 0.480032 0.021609 0.055911
1 0.790516 0.959265 0.058824 0.081470
0 0.113445 0.973642 0.054022 0.052716
0 0.689076 0.059904 0.038415 0.036741
0 0.259304 0.302716 0.048019 0.068690
1 0.888956 0.630990 0.042017 0.063898
1 0.410564 0.489617 0.069628 0.075080
1 0.524010 0.131789 0.046819 0.052716
0 0.426771 0.092652 0.034814 0.028754
