0 0.315726 0.168530 0.043217 0.055911
0 0.654862 0.047923 0.058824 0.070288
0 0.701681 0.112620 0.034814 0.049521
0 0.506603 0.516773 0.050420 0.062300
0 0.349940 0.306709 0.051621 0.076677
0 0.912365 0.793131 0.040816 0.062300
0 0.918968 0.880192 0.032413 0.051118
0 0.978391 0.504792 0.036014 0.051118
1 0.744298 0.811502 0.031212 0.041534
0 0.578031 0.641374 0.030012 0.043131
0 0.220888 0.298722 0.031212 0.038339
0 0.873349 0.480831 0.027611 0.038339
0 0.223289 0.909744 0.036014 0.046326
0 0.649460 0.687700 0.033613 0.039936
0 0.308523 0.361022 0.038415 0.063898
0 0.147059 0.801917 0.032413 0.044728
0 0.834934 0.211661 0.034814 0.052716
1 0.328932 0.722843 0.026411 0.033546
1 0.835534 0.788339 0.024010 0.033546
0 0.300720 0.920128 0.032413 0.041534
0 0.222689 0.856230 0.032413 0.044728
0 0.680672 0.474441 0.028812 0.038339
0 0.453782 0.338658 0.021609 0.038339
