0 0.061825 0.414537 0.051621 0.065495
0 0.246098 0.434505 0.067227 0.076677
0 0.213085 0.519169 0.075630 0.086262
0 0.157263 0.601438 0.081633 0.100639
0 0.031212 0.627796 0.060024 0.092652
0 0.020408 0.821086 0.031212 0.044728
0 0.120048 0.940096 0.036014 0.055911
0 0.403361 0.694089 0.081633 0.113419
0 0.453782 0.552716 0.057623 0.051118
0 0.552821 0.680511 0.042017 0.060703
0 0.582233 0.407348 0.062425 0.092652
0 0.819328 0.538339 0.090036 0.095847
0 0.692677 0.655751 0.043217 0.043131
0 0.681873 0.864217 0.062425 0.070288
0 0.585234 0.893770 0.056423 0.059105
0 0.547419 0.976837 0.064826 0.046326
0 0.854742 0.926518 0.043217 0.067093
0 0.898559 0.911342 0.046819 0.078275
0 0.930972 0.946486 0.046819 0.049521
0 0.929772 0.801917 0.049220 0.047923
0 0.326531 0.944888 0.040816 0.052716
0 0.411765 0.875399 0.043217 0.044728
0 0.063025 0.955272 0.042017 0.041534
1 0.160864 0.084665 0.055222 0.076677
1 0.020408 0.069489 0.038415 0.055911
1 0.370948 0.186901 0.043217 0.044728
1 0.504802 0.275559 0.114046 0.084665
1 0.447179 0.288339 0.056423 0.052716
1 0.412965 0.463259 0.069628 0.092652
1 0.402761 0.536741 0.056423 0.067093
1 0.425570 0.606230 0.037215 0.049521
1 0.445978 0.658946 0.039616 0.052716
1 0.486194 0.722843 0.031212 0.049521
1 0.483193 0.806709 0.037215 0.086262
1 0.054022 0.863419 0.040816 0.043131
1 0.117047 0.764377 0.046819 0.052716
1 0.184274 0.783546 0.058824 0.065495
1 0.732293 0.353834 0.045618 0.046326
1 0.915366 0.373003 0.051621 0.059105
1 0.863745 0.427316 0.051621 0.059105
1 0.914166 0.432907 0.034814 0.044728
1 0.971789 0.335463 0.046819 0.044728
1 0.986795 0.414537 0.026411 0.046326
1 0.792917 0.810703 0.046819 0.059105
1 0.788715 0.861821 0.043217 0.049521
1 0.630252 0.957668 0.096038 0.084665
1 0.493998 0.918530 0.049220 0.054313
1 0.858343 0.037540 0.122449 0.071885
1 0.211285 0.058307 0.021609 0.027157
1 0.321729 0.092652 0.040816 0.051118
1 0.366747 0.055112 0.032413 0.023962
1 0.150660 0.411342 0.037215 0.046326
1 0.102641 0.419329 0.046819 0.075080
1 0.109244 0.507188 0.048019 0.068690
1 0.794718 0.694089 0.024010 0.023962
1 0.805522 0.740415 0.028812 0.036741
1 0.861945 0.698083 0.033613 0.041534
1 0.948379 0.537540 0.031212 0.030351
1 0.974190 0.503195 0.030012 0.038339
1 0.978992 0.565495 0.020408 0.044728
0 0.737695 0.276358 0.032413 0.051118
0 0.662065 0.289137 0.018007 0.038339
0 0.670468 0.208466 0.037215 0.046326
0 0.734694 0.319489 0.036014 0.031949
0 0.755102 0.236422 0.031212 0.031949
1 0.323529 0.304313 0.037215 0.049521
1 0.124850 0.178914 0.028812 0.041534
1 0.032413 0.166933 0.038415 0.049521
1 0.245498 0.136581 0.032413 0.043131
1 0.228091 0.184505 0.028812 0.036741
1 0.956783 0.281949 0.026411 0.033546
1 0.902761 0.253994 0.021609 0.038339
