0 0.852341 0.143770 0.139256 0.162939
0 0.671669 0.234824 0.044418 0.063898
0 0.917167 0.290735 0.165666 0.578275
0 0.952581 0.539936 0.032413 0.047923
0 0.725090 0.712460 0.028812 0.044728
0 0.690876 0.864217 0.051621 0.070288
1 0.509604 0.819489 0.032413 0.054313
0 0.516206 0.638978 0.038415 0.051118
0 0.444178 0.684505 0.052821 0.065495
0 0.438175 0.769968 0.040816 0.063898
0 0.393157 0.817891 0.044418 0.051118
0 0.364346 0.905751 0.056423 0.054313
0 0.121849 0.541534 0.051621 0.070288
0 0.118247 0.607029 0.039616 0.057508
0 0.340336 0.515176 0.039616 0.052716
0 0.315726 0.629393 0.045618 0.054313
0 0.022209 0.503195 0.032413 0.041534
0 0.101441 0.162141 0.020408 0.030351
0 0.130852 0.169329 0.019208 0.025559
0 0.127851 0.101438 0.027611 0.036741
0 0.508403 0.401757 0.046819 0.065495
0 0.483193 0.442492 0.025210 0.041534
0 0.555222 0.456869 0.030012 0.051118
0 0.614646 0.472045 0.031212 0.039936
0 0.666867 0.471246 0.082833 0.102236
0 0.705282 0.575080 0.032413 0.047923
0 0.812125 0.622204 0.022809 0.030351
0 0.763505 0.625399 0.021609 0.033546
0 0.802521 0.748403 0.025210 0.030351
0 0.840336 0.776358 0.033613 0.041534
0 0.349340 0.401757 0.036014 0.039936
0 0.266507 0.342652 0.031212 0.039936
0 0.205282 0.283546 0.036014 0.033546
0 0.169868 0.280351 0.025210 0.030351
0 0.174070 0.322684 0.033613 0.041534
0 0.108043 0.314696 0.033613 0.035144
0 0.450180 0.134984 0.060024 0.071885
0 0.490396 0.031150 0.039616 0.052716
0 0.755102 0.373003 0.036014 0.043131
0 0.814526 0.350639 0.049220 0.052716
0 0.756303 0.480032 0.040816 0.043131
0 0.753902 0.157348 0.057623 0.142173
0 0.572029 0.058307 0.042017 0.046326
0 0.948379 0.718850 0.026411 0.035144
0 0.988595 0.752396 0.020408 0.028754
0 0.515606 0.568690 0.032413 0.051118
0 0.484394 0.567891 0.015606 0.030351
0 0.387755 0.461661 0.024010 0.041534
0 0.456783 0.390575 0.022809 0.036741
0 0.142257 0.464058 0.034814 0.039936
0 0.234094 0.551917 0.026411 0.039936
1 0.214886 0.870607 0.028812 0.038339
1 0.262305 0.940096 0.022809 0.036741
1 0.295918 0.867412 0.032413 0.060703
1 0.189076 0.960064 0.027611 0.038339
1 0.188475 0.909744 0.038415 0.062300
1 0.662065 0.751597 0.044418 0.036741
1 0.630252 0.812300 0.026411 0.039936
1 0.752701 0.816294 0.024010 0.041534
1 0.787515 0.797923 0.019208 0.033546
1 0.038415 0.063099 0.074430 0.075080
1 0.046218 0.339457 0.027611 0.049521
1 0.018607 0.706070 0.034814 0.070288
1 0.018007 0.586262 0.028812 0.047923
