0 0.109244 0.024760 0.033613 0.039936
1 0.259304 0.035942 0.064826 0.065495
1 0.058223 0.827476 0.042017 0.051118
1 0.060024 0.893770 0.043217 0.065495
1 0.133253 0.892971 0.024010 0.028754
0 0.712485 0.817891 0.056423 0.063898
0 0.477791 0.807508 0.060024 0.078275
0 0.391957 0.786741 0.051621 0.065495
0 0.261104 0.611821 0.051621 0.060703
0 0.357143 0.484824 0.061224 0.075080
0 0.184274 0.258786 0.037215 0.047923
0 0.276711 0.101438 0.049220 0.043131
0 0.310924 0.181310 0.028812 0.049521
0 0.380552 0.093450 0.081633 0.100639
0 0.840936 0.052716 0.116447 0.102236
0 0.748499 0.135783 0.044418 0.047923
0 0.713085 0.260383 0.038415 0.057508
0 0.831333 0.484824 0.042017 0.049521
0 0.664466 0.595048 0.044418 0.055911
0 0.496399 0.538339 0.034814 0.057508
0 0.802521 0.757987 0.054022 0.059105
0 0.692077 0.979233 0.068427 0.041534
1 0.978992 0.642173 0.042017 0.083067
0 0.890156 0.381789 0.058824 0.079872
0 0.054622 0.758786 0.037215 0.060703
1 0.963385 0.480032 0.056423 0.055911
1 0.126651 0.392173 0.039616 0.052716
1 0.064226 0.481629 0.049220 0.062300
0 0.780912 0.482428 0.034814 0.038339
1 0.800120 0.385783 0.056423 0.052716
