1 0.079232 0.317891 0.043217 0.054313
1 0.334934 0.039936 0.045618 0.051118
1 0.232293 0.664537 0.044418 0.051118
1 0.264106 0.727636 0.045618 0.049521
1 0.660864 0.895367 0.056423 0.059105
1 0.572629 0.814696 0.026411 0.041534
1 0.057023 0.103035 0.020408 0.033546
1 0.554622 0.067093 0.028812 0.028754
1 0.122449 0.807508 0.067227 0.075080
1 0.465186 0.883387 0.037215 0.035144
1 0.231693 0.214856 0.026411 0.036741
1 0.336134 0.242013 0.024010 0.043131
0 0.624250 0.430511 0.040816 0.062300
0 0.593637 0.467252 0.034814 0.043131
0 0.568427 0.689297 0.032413 0.039936
0 0.849940 0.911342 0.033613 0.036741
0 0.927371 0.951278 0.032413 0.052716
0 0.438175 0.089457 0.031212 0.031949
0 0.977791 0.966454 0.044418 0.047923
