0 0.224490 0.492013 0.076831 0.111821
0 0.196879 0.155751 0.036014 0.059105
0 0.099040 0.478435 0.042017 0.049521
0 0.031212 0.785942 0.024010 0.031949
0 0.967587 0.658147 0.057623 0.108626
0 0.570228 0.428115 0.072029 0.118211
0 0.459784 0.697284 0.033613 0.055911
0 0.674670 0.571885 0.069628 0.095847
0 0.196279 0.956869 0.032413 0.047923
0 0.981393 0.472045 0.027611 0.043131
0 0.630852 0.034345 0.058824 0.065495
0 0.489796 0.349840 0.031212 0.044728
0 0.806723 0.362620 0.031212 0.054313
0 0.860144 0.370607 0.030012 0.054313
0 0.980792 0.261182 0.033613 0.055911
0 0.416567 0.500799 0.043217 0.049521
0 0.391957 0.478435 0.022809 0.033546
0 0.028211 0.273163 0.015606 0.044728
0 0.233493 0.341853 0.020408 0.022364
0 0.091837 0.730831 0.034814 0.043131
0 0.585234 0.616613 0.027611 0.038339
0 0.568427 0.509585 0.027611 0.038339
0 0.578031 0.089457 0.022809 0.054313
0 0.453181 0.053514 0.042017 0.039936
0 0.501801 0.099840 0.031212 0.049521
0 0.058223 0.101438 0.025210 0.027157
0 0.100840 0.340256 0.024010 0.028754
0 0.076230 0.303514 0.027611 0.031949
0 0.009004 0.287540 0.015606 0.044728
0 0.174070 0.481629 0.019208 0.033546
0 0.136255 0.449681 0.020408 0.030351
0 0.070228 0.445687 0.027611 0.041534
0 0.200480 0.380990 0.021609 0.033546
0 0.191477 0.268371 0.022809 0.028754
0 0.055822 0.178914 0.022809 0.022364
0 0.345738 0.115815 0.019208 0.033546
0 0.452581 0.314696 0.014406 0.022364
0 0.171669 0.239617 0.019208 0.022364
0 0.200480 0.108626 0.026411 0.031949
0 0.396158 0.062300 0.016807 0.031949
0 0.275510 0.019169 0.018007 0.025559
0 0.451381 0.421725 0.019208 0.028754
0 0.391357 0.423323 0.016807 0.025559
0 0.322329 0.432109 0.020408 0.023962
0 0.297119 0.421725 0.015606 0.022364
0 0.312725 0.460064 0.018007 0.019169
0 0.180672 0.605431 0.022809 0.022364
0 0.176471 0.583067 0.019208 0.019169
0 0.052821 0.450479 0.016807 0.022364
0 0.159064 0.663738 0.015606 0.023962
0 0.268307 0.621406 0.018007 0.028754
0 0.089436 0.647764 0.025210 0.030351
0 0.270708 0.663738 0.018007 0.036741
0 0.057623 0.899361 0.019208 0.025559
0 0.049220 0.945687 0.024010 0.025559
0 0.136255 0.941693 0.039616 0.078275
0 0.166867 0.975240 0.014406 0.023962
0 0.203481 0.869808 0.032413 0.046326
0 0.153661 0.867412 0.014406 0.022364
0 0.113445 0.789137 0.018007 0.022364
0 0.250300 0.718051 0.027611 0.033546
0 0.214286 0.771565 0.020408 0.031949
0 0.304322 0.845847 0.020408 0.027157
0 0.902761 0.826677 0.019208 0.020767
0 0.896158 0.642971 0.018007 0.030351
0 0.584034 0.669329 0.015606 0.022364
0 0.559424 0.655751 0.016807 0.023962
0 0.918367 0.717252 0.019208 0.025559
0 0.824730 0.626997 0.014406 0.023962
0 0.944778 0.586262 0.033613 0.038339
0 0.768908 0.553514 0.022809 0.033546
0 0.800120 0.622204 0.013205 0.020767
0 0.904562 0.547923 0.020408 0.019169
0 0.903361 0.531150 0.015606 0.017572
0 0.907563 0.427316 0.016807 0.023962
0 0.831333 0.424920 0.018007 0.019169
0 0.831933 0.547923 0.016807 0.022364
0 0.912965 0.601438 0.015606 0.027157
0 0.700480 0.429712 0.022809 0.022364
0 0.736495 0.426518 0.018007 0.022364
0 0.917767 0.037540 0.034814 0.043131
0 0.840936 0.093450 0.025210 0.030351
0 0.913565 0.084665 0.021609 0.025559
0 0.896759 0.134185 0.019208 0.025559
0 0.814526 0.153355 0.018007 0.025559
0 0.782113 0.286741 0.032413 0.033546
0 0.744898 0.269169 0.018007 0.023962
0 0.797119 0.085463 0.019208 0.020767
0 0.978391 0.349042 0.014406 0.017572
0 0.686675 0.075879 0.021609 0.027157
0 0.542617 0.147764 0.040816 0.039936
0 0.722689 0.350639 0.019208 0.027157
0 0.684274 0.272364 0.019208 0.023962
0 0.583433 0.235623 0.021609 0.020767
0 0.686074 0.198882 0.018007 0.020767
0 0.465186 0.198882 0.030012 0.043131
0 0.370948 0.136581 0.021609 0.023962
0 0.253902 0.166134 0.015606 0.022364
1 0.180072 0.023962 0.062425 0.044728
0 0.074430 0.234824 0.021609 0.025559
0 0.090636 0.076677 0.018007 0.015974
0 0.429172 0.364217 0.020408 0.031949
0 0.430972 0.547125 0.028812 0.023962
0 0.058223 0.768371 0.030012 0.041534
0 0.970588 0.148562 0.049220 0.079872
0 0.527011 0.026358 0.026411 0.049521
0 0.869148 0.468051 0.026411 0.051118
0 0.824130 0.734026 0.039616 0.065495
1 0.800120 0.848243 0.126050 0.111821
0 0.746699 0.485623 0.026411 0.035144
0 0.854142 0.022364 0.032413 0.041534
0 0.810324 0.191693 0.016807 0.025559
0 0.855342 0.201278 0.013205 0.015974
0 0.948980 0.018371 0.013205 0.023962
