1 0.449580 0.646965 0.087635 0.111821
1 0.261104 0.606230 0.046819 0.075080
1 0.102641 0.452875 0.044418 0.049521
1 0.112245 0.639776 0.049220 0.055911
1 0.338535 0.917732 0.048019 0.059105
1 0.557023 0.793930 0.052821 0.070288
1 0.345138 0.641374 0.034814 0.055911
0 0.759904 0.174121 0.307323 0.345048
0 0.710084 0.372204 0.044418 0.067093
0 0.676471 0.432109 0.044418 0.059105
0 0.536615 0.363419 0.064826 0.084665
0 0.474790 0.391374 0.034814 0.047923
0 0.333133 0.296326 0.037215 0.036741
0 0.205882 0.374601 0.051621 0.075080
0 0.160264 0.304313 0.049220 0.068690
0 0.229892 0.286741 0.042017 0.071885
0 0.094238 0.261182 0.051621 0.068690
0 0.168067 0.137380 0.048019 0.063898
0 0.180672 0.060703 0.037215 0.051118
0 0.237095 0.023962 0.049220 0.044728
0 0.405762 0.145367 0.050420 0.060703
0 0.478992 0.113419 0.048019 0.070288
0 0.542617 0.685304 0.052821 0.063898
0 0.551020 0.639776 0.028812 0.046326
1 0.373349 0.057508 0.036014 0.057508
0 0.719088 0.644569 0.031212 0.043131
0 0.624850 0.634984 0.042017 0.046326
