0 0.410564 0.406550 0.067227 0.094249
0 0.911164 0.327476 0.062425 0.076677
0 0.966387 0.251597 0.045618 0.087859
0 0.538415 0.225240 0.068427 0.063898
0 0.460984 0.206869 0.048019 0.068690
0 0.310924 0.208466 0.040816 0.065495
0 0.186675 0.547923 0.051621 0.070288
0 0.178872 0.648562 0.062425 0.073482
0 0.342137 0.599042 0.074430 0.083067
0 0.252701 0.588658 0.046819 0.100639
1 0.481393 0.056709 0.031212 0.049521
1 0.633854 0.154153 0.026411 0.049521
1 0.762305 0.532748 0.057623 0.071885
1 0.557623 0.428115 0.075630 0.063898
1 0.834334 0.388978 0.076831 0.087859
1 0.920768 0.468850 0.124850 0.107029
1 0.915966 0.605431 0.033613 0.057508
1 0.645858 0.527157 0.086435 0.105431
1 0.419568 0.908147 0.078031 0.103834
1 0.496399 0.916933 0.094838 0.134185
1 0.063025 0.533546 0.068427 0.073482
1 0.265906 0.121406 0.046819 0.063898
1 0.289316 0.372204 0.072029 0.105431
1 0.653061 0.630192 0.045618 0.071885
1 0.404562 0.690096 0.050420 0.076677
1 0.857743 0.074281 0.042017 0.059105
0 0.296519 0.980831 0.043217 0.038339
0 0.254502 0.945687 0.040816 0.038339
0 0.858343 0.914537 0.067227 0.071885
0 0.949580 0.805112 0.033613 0.047923
0 0.781513 0.758786 0.031212 0.038339
