0 0.081633 0.318690 0.088836 0.094249
0 0.114646 0.481629 0.037215 0.039936
0 0.099040 0.694089 0.032413 0.081470
0 0.169868 0.706869 0.030012 0.033546
0 0.175270 0.754792 0.031212 0.046326
0 0.087635 0.842652 0.033613 0.039936
0 0.480792 0.928914 0.188475 0.142173
0 0.307323 0.837061 0.038415 0.031949
0 0.492197 0.555112 0.052821 0.059105
0 0.513205 0.517572 0.044418 0.054313
0 0.429172 0.563099 0.044418 0.049521
0 0.424970 0.305112 0.072029 0.070288
0 0.329532 0.350639 0.066026 0.062300
0 0.250300 0.296326 0.030012 0.033546
0 0.346339 0.191693 0.075630 0.076677
0 0.801921 0.668530 0.048019 0.078275
0 0.926771 0.568690 0.074430 0.092652
0 0.132653 0.111821 0.058824 0.127796
0 0.107443 0.254792 0.027611 0.017572
0 0.785714 0.891374 0.027611 0.041534
0 0.890756 0.903355 0.038415 0.065495
0 0.752101 0.924920 0.034814 0.067093
0 0.657263 0.746006 0.020408 0.047923
0 0.834934 0.977636 0.037215 0.031949
0 0.737695 0.559904 0.042017 0.043131
0 0.595438 0.428115 0.040816 0.047923
0 0.525210 0.218850 0.051621 0.054313
0 0.443577 0.228435 0.042017 0.035144
0 0.541417 0.117412 0.036014 0.036741
0 0.517407 0.051118 0.040816 0.041534
0 0.372749 0.090256 0.022809 0.043131
0 0.470588 0.012780 0.028812 0.022364
0 0.331333 0.120607 0.043217 0.039936
0 0.279112 0.131789 0.032413 0.033546
0 0.945378 0.022364 0.056423 0.041534
0 0.846339 0.150160 0.031212 0.022364
0 0.796519 0.141374 0.058824 0.049521
0 0.721489 0.101438 0.031212 0.039936
0 0.914766 0.396166 0.028812 0.063898
0 0.974190 0.446486 0.051621 0.062300
0 0.788115 0.416933 0.034814 0.031949
0 0.536014 0.345048 0.044418 0.044728
0 0.538415 0.291534 0.037215 0.023962
0 0.527011 0.275559 0.040816 0.027157
0 0.599040 0.257987 0.031212 0.030351
0 0.608643 0.184505 0.026411 0.020767
0 0.302521 0.789936 0.031212 0.036741
0 0.388355 0.611022 0.034814 0.043131
0 0.360744 0.597444 0.032413 0.041534
0 0.604442 0.740415 0.030012 0.023962
0 0.657263 0.571885 0.044418 0.041534
0 0.856543 0.932109 0.025210 0.033546
0 0.972389 0.710863 0.036014 0.038339
0 0.888355 0.311502 0.033613 0.031949
0 0.078031 0.109425 0.036014 0.036741
0 0.067227 0.070288 0.031212 0.022364
0 0.552821 0.505591 0.034814 0.030351
0 0.552821 0.447284 0.042017 0.054313
0 0.379952 0.701278 0.030012 0.035144
0 0.179472 0.614217 0.037215 0.036741
0 0.114046 0.582268 0.033613 0.036741
0 0.768307 0.376198 0.028812 0.033546
0 0.406363 0.069489 0.027611 0.030351
0 0.229292 0.164537 0.028812 0.031949
0 0.277311 0.072684 0.036014 0.027157
0 0.917167 0.264377 0.033613 0.052716
0 0.608643 0.908946 0.040816 0.041534
0 0.072629 0.721246 0.034814 0.036741
0 0.294718 0.436901 0.025210 0.030351
0 0.219688 0.434505 0.028812 0.035144
0 0.872749 0.843450 0.021609 0.028754
0 0.989796 0.874601 0.020408 0.049521
0 0.132053 0.297125 0.026411 0.041534
0 0.061825 0.190895 0.039616 0.039936
