0 0.238896 0.649361 0.055222 0.065495
0 0.051621 0.742013 0.045618 0.071885
0 0.324730 0.385783 0.080432 0.078275
0 0.729292 0.147764 0.066026 0.091054
0 0.303121 0.230831 0.174070 0.215655
0 0.457983 0.823482 0.058824 0.065495
0 0.122449 0.521565 0.055222 0.055911
0 0.754502 0.278754 0.068427 0.084665
0 0.925570 0.551118 0.055222 0.060703
0 0.204082 0.796326 0.052821 0.078275
0 0.043818 0.975240 0.056423 0.049521
0 0.570828 0.934505 0.061224 0.057508
0 0.390756 0.978435 0.063625 0.043131
0 0.965786 0.694888 0.037215 0.047923
1 0.887755 0.288339 0.073229 0.091054
1 0.819328 0.507987 0.090036 0.140575
1 0.453782 0.115815 0.062425 0.071885
1 0.756303 0.694089 0.060024 0.107029
1 0.855942 0.831470 0.081633 0.113419
1 0.685474 0.828275 0.062425 0.059105
1 0.182473 0.153355 0.074430 0.108626
1 0.129652 0.828275 0.060024 0.071885
1 0.560624 0.470447 0.045618 0.075080
0 0.624250 0.309105 0.060024 0.075080
1 0.061825 0.233227 0.042017 0.044728
1 0.378151 0.875399 0.040816 0.054313
1 0.915366 0.138978 0.046819 0.047923
1 0.674070 0.661342 0.044418 0.089457
0 0.192677 0.036741 0.066026 0.054313
1 0.836735 0.887380 0.055222 0.062300
1 0.903361 0.973642 0.061224 0.052716
1 0.187875 0.305112 0.051621 0.067093
1 0.079832 0.146965 0.051621 0.057508
0 0.117047 0.628594 0.114046 0.167732
1 0.513806 0.212460 0.048019 0.063898
0 0.854142 0.039936 0.027611 0.035144
1 0.981993 0.543131 0.036014 0.092652
