0 0.159664 0.206869 0.060024 0.068690
0 0.294118 0.153355 0.057623 0.057508
0 0.042017 0.512780 0.081633 0.140575
0 0.174670 0.481629 0.061224 0.068690
0 0.175270 0.551917 0.052821 0.059105
0 0.064226 0.697284 0.025210 0.033546
0 0.117047 0.670128 0.032413 0.036741
0 0.753301 0.040735 0.061224 0.078275
1 0.756303 0.642173 0.045618 0.051118
1 0.663866 0.722045 0.040816 0.054313
1 0.551020 0.700479 0.033613 0.049521
1 0.418367 0.775559 0.061224 0.068690
1 0.411164 0.257188 0.037215 0.051118
1 0.469988 0.251597 0.030012 0.039936
1 0.555222 0.051118 0.032413 0.025559
1 0.555822 0.099042 0.040816 0.041534
1 0.625450 0.536741 0.040816 0.041534
1 0.649460 0.583866 0.036014 0.052716
1 0.848739 0.644569 0.060024 0.062300
1 0.888355 0.740415 0.031212 0.039936
1 0.870948 0.887380 0.037215 0.052716
1 0.334934 0.827476 0.036014 0.047923
1 0.268908 0.856230 0.031212 0.044728
0 0.292317 0.922524 0.030012 0.043131
0 0.094838 0.373802 0.036014 0.044728
0 0.012005 0.357029 0.021609 0.078275
0 0.103241 0.037540 0.052821 0.059105
0 0.051621 0.155751 0.028812 0.043131
0 0.084034 0.879393 0.050420 0.071885
0 0.036014 0.889776 0.038415 0.060703
1 0.707083 0.766773 0.038415 0.070288
1 0.668067 0.654153 0.058824 0.062300
0 0.470588 0.360224 0.031212 0.046326
0 0.909964 0.126997 0.028812 0.055911
1 0.974790 0.456869 0.040816 0.054313
1 0.939376 0.502396 0.044418 0.065495
1 0.900960 0.543930 0.037215 0.046326
0 0.482593 0.626997 0.038415 0.043131
1 0.624850 0.831470 0.039616 0.071885
1 0.744898 0.970447 0.068427 0.059105
