0 0.403361 0.273163 0.067227 0.089457
0 0.480192 0.188498 0.057623 0.079872
0 0.743697 0.239617 0.142857 0.162939
0 0.713685 0.190096 0.032413 0.035144
0 0.709484 0.225240 0.036014 0.041534
0 0.713085 0.267572 0.052821 0.043131
0 0.785714 0.275559 0.034814 0.033546
0 0.810324 0.410543 0.031212 0.038339
0 0.960984 0.333866 0.037215 0.057508
0 0.729292 0.515176 0.056423 0.052716
0 0.669268 0.766773 0.046819 0.057508
0 0.617647 0.781949 0.034814 0.052716
0 0.729292 0.830671 0.044418 0.060703
0 0.754502 0.740415 0.042017 0.049521
0 0.759304 0.904153 0.044418 0.054313
0 0.911765 0.906550 0.020408 0.030351
0 0.922569 0.942492 0.032413 0.031949
0 0.985594 0.780351 0.028812 0.046326
0 0.171669 0.839457 0.050420 0.043131
0 0.395558 0.947284 0.039616 0.044728
0 0.316327 0.975240 0.051621 0.049521
0 0.039016 0.119808 0.030012 0.047923
0 0.333133 0.340256 0.051621 0.073482
1 0.439976 0.711661 0.085234 0.081470
1 0.565426 0.426518 0.064826 0.063898
1 0.606242 0.547923 0.031212 0.054313
1 0.531212 0.557508 0.051621 0.057508
1 0.655462 0.519169 0.036014 0.044728
1 0.812125 0.555112 0.049220 0.052716
1 0.247899 0.859425 0.042017 0.060703
1 0.141056 0.471246 0.070828 0.060703
1 0.186675 0.076677 0.039616 0.063898
1 0.377551 0.018371 0.039616 0.033546
1 0.489796 0.036741 0.038415 0.060703
1 0.883553 0.130192 0.048019 0.071885
1 0.914166 0.679712 0.037215 0.052716
1 0.070828 0.893770 0.033613 0.068690
1 0.144658 0.534345 0.030012 0.036741
1 0.097239 0.226837 0.033613 0.031949
