0 0.257503 0.641374 0.078031 0.138978
0 0.092437 0.645367 0.072029 0.092652
0 0.054022 0.543930 0.038415 0.033546
0 0.213685 0.291534 0.031212 0.062300
0 0.417767 0.734026 0.093637 0.132588
0 0.323529 0.625399 0.044418 0.059105
0 0.262305 0.767572 0.075630 0.094249
0 0.156062 0.795527 0.024010 0.025559
0 0.112845 0.813099 0.031212 0.022364
0 0.109844 0.869808 0.022809 0.030351
0 0.266507 0.955272 0.060024 0.054313
0 0.036014 0.465655 0.024010 0.033546
0 0.374550 0.126997 0.036014 0.052716
0 0.108643 0.176518 0.042017 0.049521
0 0.110444 0.458466 0.021609 0.035144
0 0.927971 0.670128 0.067227 0.100639
0 0.642857 0.795527 0.082833 0.118211
0 0.563625 0.857029 0.063625 0.100639
0 0.504202 0.934505 0.031212 0.054313
0 0.792917 0.880990 0.039616 0.049521
0 0.760504 0.781949 0.032413 0.049521
0 0.710084 0.702077 0.037215 0.046326
0 0.408163 0.355431 0.033613 0.049521
0 0.896158 0.984824 0.022809 0.030351
0 0.638055 0.940895 0.022809 0.041534
0 0.602041 0.941693 0.027611 0.039936
0 0.962785 0.101438 0.036014 0.059105
0 0.903962 0.161342 0.031212 0.041534
0 0.908764 0.075879 0.045618 0.039936
0 0.448980 0.063099 0.043217 0.043131
0 0.043217 0.199681 0.026411 0.031949
0 0.560624 0.701278 0.026411 0.038339
0 0.821729 0.211661 0.022809 0.027157
0 0.989796 0.316294 0.020408 0.063898
0 0.738896 0.845847 0.032413 0.059105
0 0.025210 0.238818 0.019208 0.039936
0 0.635654 0.476038 0.032413 0.044728
0 0.667467 0.488019 0.021609 0.027157
0 0.463986 0.023962 0.025210 0.028754
0 0.142857 0.162939 0.019208 0.041534
0 0.922569 0.430511 0.020408 0.039936
0 0.808523 0.083067 0.042017 0.063898
0 0.587035 0.397764 0.026411 0.047923
0 0.918968 0.519968 0.025210 0.039936
0 0.818727 0.611022 0.033613 0.052716
0 0.526411 0.580671 0.022809 0.033546
0 0.899160 0.775559 0.031212 0.039936
0 0.714886 0.661342 0.027611 0.031949
0 0.923169 0.961661 0.033613 0.047923
0 0.978992 0.839457 0.030012 0.065495
0 0.851140 0.947284 0.036014 0.047923
0 0.768307 0.537540 0.026411 0.036741
0 0.671669 0.573482 0.027611 0.035144
0 0.702281 0.940895 0.036014 0.057508
0 0.425570 0.639776 0.025210 0.033546
0 0.084634 0.717252 0.022809 0.028754
0 0.079232 0.689297 0.026411 0.020767
0 0.239496 0.747604 0.025210 0.038339
0 0.138055 0.746805 0.016807 0.033546
0 0.512005 0.084665 0.022809 0.028754
0 0.649460 0.300319 0.064826 0.099042
0 0.510204 0.207668 0.052821 0.083067
0 0.843337 0.389776 0.037215 0.054313
0 0.792917 0.214058 0.020408 0.041534
0 0.335534 0.341054 0.030012 0.030351
