0 0.150660 0.170927 0.116447 0.124601
0 0.382953 0.883387 0.069628 0.111821
0 0.794118 0.527955 0.056423 0.081470
0 0.837935 0.409744 0.048019 0.055911
0 0.251501 0.809904 0.049220 0.060703
0 0.034214 0.966454 0.056423 0.067093
0 0.188475 0.445687 0.045618 0.047923
0 0.180672 0.305112 0.037215 0.070288
1 0.394958 0.048722 0.055222 0.062300
1 0.220288 0.017572 0.080432 0.031949
1 0.078031 0.043930 0.031212 0.052716
1 0.202281 0.570288 0.044418 0.079872
1 0.545618 0.651757 0.042017 0.063898
0 0.588836 0.607827 0.039616 0.071885
1 0.939976 0.577476 0.050420 0.062300
1 0.744898 0.773962 0.046819 0.065495
1 0.861345 0.650958 0.056423 0.084665
1 0.827131 0.314696 0.033613 0.041534
1 0.760504 0.400160 0.027611 0.052716
1 0.656062 0.133387 0.042017 0.055911
1 0.644058 0.829872 0.034814 0.059105
1 0.585834 0.926518 0.038415 0.047923
1 0.702881 0.883387 0.039616 0.067093
1 0.812125 0.650160 0.044418 0.060703
1 0.741897 0.870607 0.040816 0.057508
1 0.135654 0.616613 0.028812 0.051118
1 0.438776 0.255591 0.030012 0.054313
0 0.316927 0.176518 0.036014 0.049521
0 0.536014 0.976837 0.085234 0.046326
0 0.818727 0.023163 0.112845 0.043131
0 0.763505 0.197284 0.057623 0.110224
0 0.691477 0.615016 0.033613 0.038339
1 0.921969 0.710863 0.043217 0.063898
1 0.929772 0.972843 0.044418 0.054313
0 0.077431 0.503195 0.051621 0.070288
1 0.538415 0.329872 0.042017 0.087859
