0 0.282113 0.887380 0.072029 0.075080
0 0.142257 0.821086 0.034814 0.041534
0 0.410564 0.952077 0.084034 0.089457
0 0.115246 0.938498 0.028812 0.049521
0 0.035414 0.461661 0.042017 0.060703
0 0.226891 0.317093 0.028812 0.049521
0 0.201080 0.193291 0.054022 0.054313
1 0.589436 0.190895 0.060024 0.065495
1 0.412365 0.398562 0.049220 0.059105
1 0.346939 0.313099 0.055222 0.047923
1 0.045618 0.245208 0.079232 0.075080
1 0.306122 0.670927 0.036014 0.070288
1 0.237695 0.707668 0.074430 0.060703
1 0.544418 0.819489 0.046819 0.099042
1 0.910564 0.137380 0.075630 0.099042
1 0.888956 0.276358 0.051621 0.060703
1 0.879352 0.368211 0.070828 0.113419
1 0.699880 0.383387 0.052821 0.076677
1 0.512005 0.319489 0.051621 0.095847
1 0.461585 0.698882 0.058824 0.110224
1 0.704682 0.883387 0.052821 0.070288
1 0.645858 0.896166 0.050420 0.079872
1 0.627851 0.741214 0.048019 0.079872
1 0.082833 0.872204 0.040816 0.070288
1 0.117647 0.347444 0.052821 0.065495
1 0.115246 0.049521 0.043217 0.057508
1 0.659664 0.023962 0.054022 0.044728
1 0.722089 0.077476 0.044418 0.049521
1 0.717287 0.018371 0.061224 0.033546
0 0.277311 0.361821 0.050420 0.062300
0 0.193878 0.540735 0.025210 0.046326
1 0.860744 0.115815 0.038415 0.059105
1 0.510204 0.040735 0.043217 0.036741
1 0.256303 0.150958 0.051621 0.100639
1 0.305522 0.097444 0.056423 0.099042
1 0.058824 0.059904 0.036014 0.071885
1 0.700480 0.206070 0.042017 0.047923
1 0.130252 0.514377 0.044418 0.070288
0 0.599640 0.888978 0.034814 0.065495
0 0.187875 0.138978 0.032413 0.038339
1 0.115846 0.115016 0.030012 0.022364
0 0.354142 0.435304 0.038415 0.052716
1 0.376951 0.241214 0.036014 0.044728
1 0.405162 0.199681 0.030012 0.035144
1 0.421369 0.238818 0.031212 0.039936
1 0.567827 0.408946 0.045618 0.047923
1 0.818727 0.747604 0.072029 0.070288
1 0.720288 0.722843 0.043217 0.059105
1 0.624250 0.530351 0.031212 0.051118
1 0.557023 0.121406 0.028812 0.054313
1 0.585234 0.096645 0.032413 0.055911
1 0.165066 0.753195 0.044418 0.068690
1 0.939376 0.250000 0.020408 0.036741
1 0.953181 0.337859 0.031212 0.039936
1 0.984394 0.721246 0.031212 0.039936
1 0.921369 0.806709 0.034814 0.070288
1 0.986194 0.570288 0.027611 0.076677
