0 0.260504 0.599840 0.194478 0.250799
0 0.218487 0.807508 0.091236 0.145367
0 0.250300 0.740415 0.039616 0.046326
0 0.225690 0.853035 0.045618 0.057508
0 0.366747 0.808307 0.066026 0.063898
0 0.333733 0.865016 0.031212 0.062300
0 0.497599 0.733227 0.068427 0.076677
0 0.417767 0.664537 0.036014 0.044728
0 0.427371 0.561502 0.026411 0.046326
0 0.454382 0.580671 0.030012 0.046326
0 0.798319 0.521565 0.072029 0.075080
0 0.765306 0.440096 0.049220 0.075080
0 0.631453 0.379393 0.060024 0.065495
0 0.084034 0.234824 0.043217 0.073482
0 0.115846 0.379393 0.046819 0.059105
0 0.131453 0.473642 0.039616 0.039936
0 0.146459 0.658946 0.036014 0.046326
0 0.131453 0.558307 0.034814 0.052716
0 0.338535 0.386581 0.038415 0.044728
0 0.248499 0.421725 0.026411 0.028754
0 0.263505 0.395367 0.030012 0.039936
0 0.231092 0.063099 0.039616 0.049521
0 0.172269 0.017572 0.042017 0.031949
0 0.167467 0.072684 0.025210 0.027157
0 0.605042 0.035144 0.096038 0.067093
0 0.660864 0.124601 0.051621 0.073482
0 0.881753 0.130192 0.039616 0.055911
0 0.767107 0.186901 0.043217 0.044728
0 0.988595 0.484026 0.022809 0.057508
0 0.895558 0.899361 0.062425 0.073482
0 0.714886 0.864217 0.034814 0.041534
0 0.021008 0.932109 0.027611 0.033546
1 0.419568 0.180511 0.034814 0.047923
1 0.487995 0.221246 0.027611 0.043131
1 0.579832 0.118211 0.048019 0.063898
1 0.404562 0.079073 0.028812 0.049521
1 0.947779 0.275559 0.044418 0.052716
1 0.888355 0.298722 0.043217 0.054313
1 0.847539 0.250799 0.048019 0.044728
1 0.929772 0.574281 0.032413 0.046326
1 0.963385 0.615016 0.025210 0.044728
1 0.833733 0.724441 0.027611 0.046326
1 0.873349 0.800319 0.058824 0.073482
1 0.629052 0.908946 0.052821 0.057508
1 0.407563 0.477636 0.027611 0.035144
1 0.557623 0.470447 0.037215 0.049521
1 0.969388 0.855431 0.030012 0.052716
