0 0.584034 0.887380 0.061224 0.062300
0 0.702281 0.309105 0.060024 0.071885
0 0.572629 0.307508 0.060024 0.068690
0 0.875150 0.140575 0.043217 0.047923
0 0.825930 0.333067 0.028812 0.055911
0 0.399760 0.686102 0.064826 0.097444
0 0.364946 0.781150 0.055222 0.070288
1 0.154862 0.920927 0.072029 0.078275
1 0.177071 0.063898 0.056423 0.089457
0 0.801921 0.583067 0.038415 0.079872
0 0.942977 0.522364 0.046819 0.070288
0 0.551621 0.682907 0.044418 0.059105
0 0.469988 0.588658 0.027611 0.039936
1 0.042617 0.337859 0.034814 0.065495
0 0.957983 0.679712 0.050420 0.059105
1 0.950180 0.230831 0.037215 0.033546
1 0.345138 0.613419 0.051621 0.063898
1 0.169868 0.694888 0.078031 0.092652
1 0.292317 0.523163 0.042017 0.059105
0 0.640456 0.505591 0.243697 0.282748
