0 0.106843 0.589457 0.040816 0.057508
0 0.066627 0.283546 0.082833 0.081470
0 0.031813 0.592652 0.044418 0.041534
0 0.050420 0.619808 0.033613 0.041534
0 0.249700 0.490415 0.050420 0.051118
0 0.276110 0.349042 0.045618 0.049521
0 0.274910 0.694888 0.064826 0.095847
0 0.138655 0.656550 0.034814 0.041534
0 0.144058 0.695687 0.024010 0.030351
0 0.111044 0.918530 0.034814 0.041534
0 0.333133 0.808307 0.034814 0.047923
0 0.410564 0.678914 0.062425 0.047923
0 0.429772 0.606230 0.060024 0.071885
0 0.252701 0.273962 0.037215 0.033546
0 0.123649 0.074281 0.060024 0.059105
0 0.271909 0.083067 0.030012 0.031949
0 0.158463 0.208466 0.021609 0.023962
0 0.168667 0.272364 0.020408 0.033546
0 0.051621 0.396965 0.036014 0.046326
0 0.326531 0.527955 0.050420 0.065495
0 0.394358 0.426518 0.042017 0.028754
0 0.554022 0.733227 0.058824 0.079872
0 0.519808 0.785144 0.052821 0.068690
0 0.506002 0.674920 0.030012 0.036741
0 0.378752 0.922524 0.058824 0.094249
0 0.626651 0.579872 0.045618 0.057508
0 0.652461 0.540735 0.039616 0.049521
0 0.606843 0.502396 0.025210 0.033546
0 0.744298 0.547125 0.045618 0.065495
0 0.328932 0.293131 0.028812 0.036741
0 0.392557 0.265176 0.031212 0.028754
0 0.425570 0.139776 0.030012 0.033546
0 0.432173 0.224441 0.021609 0.039936
0 0.471188 0.109425 0.022809 0.036741
0 0.615846 0.061502 0.036014 0.049521
0 0.660264 0.092652 0.021609 0.047923
0 0.888956 0.039936 0.030012 0.031949
0 0.940576 0.080671 0.066026 0.081470
0 0.893157 0.128594 0.033613 0.046326
0 0.989196 0.188498 0.021609 0.044728
0 0.728691 0.469649 0.038415 0.047923
0 0.220288 0.714856 0.037215 0.049521
0 0.015606 0.892173 0.028812 0.068690
0 0.538415 0.916933 0.049220 0.067093
0 0.481393 0.947284 0.031212 0.041534
0 0.858343 0.234824 0.024010 0.028754
0 0.969988 0.445687 0.045618 0.060703
0 0.933373 0.454473 0.030012 0.049521
0 0.824130 0.382588 0.034814 0.036741
0 0.828331 0.480032 0.069628 0.065495
0 0.860144 0.530351 0.044418 0.038339
0 0.914766 0.527157 0.048019 0.076677
0 0.954382 0.556709 0.043217 0.043131
0 0.921369 0.670128 0.030012 0.055911
0 0.794118 0.588658 0.037215 0.055911
0 0.724490 0.654153 0.051621 0.049521
0 0.663265 0.624601 0.042017 0.051118
0 0.644658 0.769968 0.052821 0.044728
0 0.580432 0.809904 0.066026 0.067093
0 0.654262 0.810703 0.026411 0.039936
0 0.681873 0.728435 0.026411 0.031949
0 0.756903 0.769968 0.039616 0.047923
0 0.872749 0.970447 0.038415 0.033546
0 0.983794 0.916134 0.032413 0.033546
0 0.938776 0.741214 0.052821 0.054313
0 0.980192 0.687700 0.037215 0.046326
0 0.958583 0.359425 0.061224 0.063898
0 0.614046 0.171725 0.032413 0.036741
0 0.379952 0.375399 0.032413 0.038339
0 0.662665 0.314696 0.028812 0.028754
0 0.583433 0.265974 0.031212 0.033546
0 0.803721 0.093450 0.032413 0.046326
0 0.749700 0.023163 0.037215 0.043131
0 0.504802 0.093450 0.022809 0.043131
0 0.978391 0.312300 0.036014 0.036741
0 0.825930 0.807508 0.033613 0.033546
0 0.816927 0.690096 0.030012 0.070288
0 0.857743 0.711661 0.037215 0.071885
0 0.168667 0.838658 0.025210 0.047923
0 0.615846 0.461661 0.043217 0.044728
0 0.357143 0.043131 0.027611 0.031949
0 0.791116 0.956070 0.026411 0.033546
0 0.915966 0.933706 0.028812 0.033546
0 0.462185 0.230032 0.036014 0.051118
0 0.394958 0.230831 0.026411 0.030351
0 0.627251 0.246805 0.034814 0.043131
0 0.132053 0.194888 0.014406 0.035144
0 0.333733 0.585463 0.024010 0.046326
0 0.220888 0.417732 0.028812 0.033546
0 0.598439 0.327476 0.030012 0.031949
0 0.458583 0.296326 0.024010 0.036741
0 0.454982 0.347444 0.021609 0.030351
0 0.209484 0.301118 0.020408 0.036741
0 0.689076 0.086262 0.024010 0.028754
