0 0.178271 0.083067 0.094838 0.105431
0 0.073229 0.138179 0.052821 0.075080
0 0.191477 0.290735 0.140456 0.178914
0 0.596038 0.145367 0.054022 0.111821
0 0.541417 0.757188 0.067227 0.102236
0 0.481993 0.928914 0.070828 0.081470
0 0.825930 0.560703 0.067227 0.095847
0 0.681273 0.802716 0.058824 0.059105
0 0.357143 0.358626 0.061224 0.055911
0 0.703481 0.333866 0.081633 0.073482
0 0.280312 0.678914 0.039616 0.041534
0 0.247899 0.947284 0.044418 0.070288
0 0.755702 0.573482 0.058824 0.083067
0 0.680672 0.172524 0.045618 0.060703
0 0.777311 0.786741 0.051621 0.084665
0 0.790516 0.077476 0.042017 0.062300
0 0.896158 0.219649 0.032413 0.065495
1 0.374550 0.070288 0.064826 0.083067
1 0.090036 0.925719 0.040816 0.049521
1 0.633854 0.383387 0.048019 0.060703
1 0.073229 0.557508 0.036014 0.060703
1 0.225090 0.607827 0.042017 0.059105
1 0.583433 0.623003 0.052821 0.092652
1 0.289916 0.499201 0.039616 0.049521
1 0.901561 0.547923 0.040816 0.067093
0 0.729292 0.161342 0.080432 0.124601
1 0.983794 0.037540 0.032413 0.065495
1 0.015606 0.055112 0.028812 0.049521
1 0.286315 0.104633 0.051621 0.068690
1 0.897359 0.653355 0.080432 0.102236
0 0.558223 0.943291 0.055222 0.059105
0 0.208283 0.800319 0.042017 0.051118
1 0.391357 0.724441 0.050420 0.075080
1 0.816927 0.408147 0.051621 0.055911
0 0.624250 0.060703 0.045618 0.047923
1 0.147659 0.393770 0.093637 0.075080
1 0.313325 0.861022 0.026411 0.035144
1 0.089436 0.608626 0.034814 0.047923
0 0.105042 0.791534 0.027611 0.036741
0 0.177071 0.703674 0.054022 0.039936
0 0.554022 0.863419 0.042017 0.030351
1 0.419568 0.514377 0.030012 0.041534
1 0.509004 0.366613 0.040816 0.059105
0 0.924370 0.138179 0.064826 0.046326
