0 0.585234 0.496006 0.037215 0.049521
0 0.040216 0.375399 0.054022 0.063898
0 0.125450 0.196486 0.042017 0.063898
0 0.718487 0.336262 0.039616 0.055911
0 0.341537 0.484026 0.037215 0.038339
0 0.095438 0.293131 0.042017 0.046326
0 0.332533 0.149361 0.036014 0.046326
0 0.185474 0.153355 0.039616 0.041534
0 0.113445 0.849840 0.030012 0.031949
0 0.122449 0.788339 0.045618 0.052716
0 0.596038 0.030351 0.087635 0.057508
0 0.523409 0.460064 0.038415 0.051118
0 0.579832 0.797125 0.045618 0.067093
1 0.289316 0.332268 0.038415 0.047923
1 0.470588 0.226038 0.038415 0.059105
1 0.426771 0.093450 0.037215 0.071885
1 0.463986 0.533546 0.061224 0.060703
1 0.250900 0.755591 0.038415 0.051118
1 0.274910 0.568690 0.048019 0.044728
1 0.037215 0.452077 0.055222 0.051118
1 0.489196 0.643770 0.066026 0.051118
0 0.755702 0.546326 0.027611 0.041534
1 0.646459 0.606230 0.049220 0.046326
0 0.099040 0.974441 0.044418 0.051118
0 0.274310 0.940895 0.025210 0.047923
0 0.947179 0.825879 0.105642 0.121406
0 0.981993 0.563898 0.036014 0.079872
0 0.611645 0.269169 0.044418 0.049521
1 0.356543 0.839457 0.024010 0.033546
