0 0.845138 0.154153 0.309724 0.305112
0 0.096038 0.103035 0.189676 0.202875
0 0.162665 0.045527 0.042017 0.046326
0 0.117047 0.023962 0.039616 0.044728
1 0.173469 0.188498 0.044418 0.051118
0 0.032413 0.042332 0.033613 0.033546
0 0.022809 0.089457 0.024010 0.031949
0 0.705282 0.176518 0.027611 0.039936
1 0.813325 0.477636 0.094838 0.111821
1 0.623049 0.436901 0.079232 0.103834
1 0.530012 0.341054 0.039616 0.065495
1 0.579832 0.325080 0.043217 0.052716
1 0.570228 0.230032 0.048019 0.067093
1 0.462785 0.400160 0.058824 0.103834
1 0.298319 0.663738 0.066026 0.094249
1 0.263505 0.728435 0.068427 0.089457
1 0.268908 0.917732 0.144058 0.158147
1 0.350540 0.691693 0.043217 0.079872
1 0.397959 0.607827 0.051621 0.087859
1 0.475990 0.638978 0.022809 0.044728
1 0.614646 0.673323 0.055222 0.059105
1 0.730492 0.741214 0.049220 0.079872
1 0.858944 0.783546 0.039616 0.052716
1 0.951981 0.793131 0.052821 0.062300
1 0.971789 0.932109 0.056423 0.049521
1 0.980792 0.981629 0.036014 0.036741
1 0.798319 0.960064 0.055222 0.047923
1 0.177671 0.265176 0.038415 0.063898
1 0.070228 0.250799 0.075630 0.076677
1 0.110444 0.508786 0.062425 0.084665
1 0.063625 0.671725 0.072029 0.091054
1 0.119448 0.965655 0.034814 0.043131
1 0.128451 0.832268 0.038415 0.057508
1 0.420768 0.181310 0.039616 0.059105
1 0.536615 0.032748 0.045618 0.062300
1 0.530012 0.174920 0.030012 0.046326
