0 0.313926 0.099042 0.042017 0.054313
0 0.650660 0.263578 0.043217 0.079872
0 0.720888 0.145367 0.025210 0.054313
0 0.808523 0.306709 0.042017 0.124601
0 0.410564 0.536741 0.033613 0.054313
0 0.446579 0.515176 0.033613 0.049521
0 0.354742 0.416134 0.039616 0.036741
0 0.264706 0.318690 0.051621 0.046326
0 0.269508 0.265176 0.034814 0.031949
0 0.241897 0.162141 0.027611 0.036741
0 0.294118 0.515176 0.036014 0.039936
0 0.212485 0.620607 0.033613 0.043131
0 0.137455 0.702875 0.046819 0.051118
0 0.144058 0.770767 0.028812 0.027157
0 0.099040 0.861022 0.051621 0.047923
0 0.097839 0.917732 0.039616 0.036741
0 0.145858 0.892173 0.034814 0.043131
0 0.043818 0.956869 0.034814 0.054313
0 0.271309 0.809105 0.043217 0.055911
0 0.205882 0.884984 0.037215 0.041534
0 0.355942 0.885783 0.037215 0.062300
0 0.348739 0.772364 0.032413 0.036741
0 0.358944 0.717252 0.036014 0.038339
0 0.239496 0.661342 0.030012 0.038339
0 0.132053 0.624601 0.036014 0.028754
0 0.526411 0.785144 0.037215 0.052716
0 0.472389 0.711661 0.032413 0.039936
0 0.475390 0.797125 0.031212 0.035144
0 0.420768 0.769169 0.027611 0.046326
0 0.911164 0.283546 0.043217 0.039936
0 0.824130 0.771565 0.042017 0.063898
0 0.777911 0.858626 0.028812 0.030351
0 0.752701 0.941693 0.086435 0.084665
0 0.884754 0.932109 0.045618 0.081470
0 0.585834 0.640575 0.021609 0.041534
0 0.504202 0.477636 0.031212 0.031949
0 0.467587 0.472843 0.039616 0.044728
0 0.459184 0.395367 0.042017 0.039936
0 0.622449 0.330671 0.020408 0.028754
0 0.581032 0.338658 0.033613 0.044728
0 0.686675 0.342652 0.026411 0.039936
0 0.977191 0.591853 0.045618 0.062300
0 0.839136 0.606230 0.036014 0.052716
0 0.882953 0.623003 0.037215 0.057508
0 0.809124 0.670927 0.028812 0.035144
0 0.795318 0.590256 0.034814 0.049521
0 0.726291 0.583067 0.033613 0.038339
0 0.783313 0.486422 0.032413 0.036741
0 0.794718 0.516773 0.019208 0.030351
0 0.093637 0.248403 0.028812 0.023962
0 0.042617 0.390575 0.020408 0.043131
0 0.054622 0.224441 0.080432 0.097444
0 0.033013 0.665335 0.025210 0.052716
0 0.518007 0.968850 0.044418 0.062300
0 0.975390 0.363419 0.025210 0.049521
0 0.773109 0.130990 0.021609 0.044728
0 0.546218 0.063099 0.031212 0.036741
0 0.576230 0.166134 0.028812 0.038339
0 0.750300 0.756390 0.024010 0.049521
0 0.779112 0.721246 0.024010 0.036741
0 0.667467 0.801917 0.033613 0.041534
0 0.706483 0.821885 0.020408 0.039936
0 0.592437 0.965655 0.027611 0.043131
0 0.674670 0.967252 0.033613 0.039936
0 0.472989 0.561502 0.031212 0.027157
0 0.115246 0.278754 0.026411 0.023962
0 0.628451 0.084665 0.025210 0.044728
0 0.578031 0.105431 0.022809 0.028754
0 0.588836 0.050319 0.027611 0.033546
0 0.851741 0.288339 0.042017 0.043131
0 0.837335 0.481629 0.030012 0.033546
0 0.967587 0.128594 0.024010 0.049521
0 0.970588 0.242812 0.032413 0.060703
0 0.940576 0.230032 0.027611 0.063898
0 0.717887 0.058307 0.024010 0.039936
0 0.693878 0.066294 0.021609 0.036741
0 0.483193 0.049521 0.034814 0.031949
0 0.328932 0.353834 0.033613 0.049521
0 0.134454 0.532748 0.036014 0.033546
0 0.482593 0.250799 0.026411 0.047923
0 0.272509 0.577476 0.036014 0.046326
0 0.202281 0.354633 0.030012 0.041534
0 0.297119 0.448083 0.025210 0.039936
0 0.646459 0.569489 0.025210 0.036741
0 0.582233 0.558307 0.026411 0.036741
0 0.863745 0.340256 0.032413 0.041534
0 0.886555 0.095048 0.030012 0.039936
0 0.219088 0.559904 0.018007 0.020767
0 0.195078 0.555911 0.025210 0.031949
0 0.420768 0.930511 0.022809 0.027157
0 0.408163 0.713259 0.021609 0.036741
0 0.358944 0.157348 0.019208 0.020767
0 0.530612 0.254792 0.016807 0.030351
0 0.675870 0.113419 0.021609 0.028754
0 0.640456 0.212460 0.032413 0.041534
0 0.165066 0.403355 0.034814 0.027157
0 0.882353 0.535942 0.031212 0.036741
0 0.381753 0.088658 0.026411 0.036741
0 0.009004 0.951278 0.015606 0.036741
0 0.546819 0.448882 0.032413 0.025559
