0 0.321729 0.816294 0.146459 0.162939
0 0.543818 0.587859 0.120048 0.169329
0 0.569628 0.805911 0.094838 0.113419
0 0.157863 0.777955 0.068427 0.083067
0 0.123049 0.893770 0.097239 0.119808
0 0.657263 0.213259 0.087635 0.084665
0 0.833733 0.067891 0.082833 0.087859
1 0.834934 0.156550 0.051621 0.047923
1 0.958583 0.264377 0.056423 0.065495
1 0.503001 0.215655 0.084034 0.118211
1 0.113445 0.229233 0.068427 0.055911
1 0.104442 0.668530 0.057623 0.075080
1 0.117047 0.585463 0.042017 0.065495
0 0.415366 0.445687 0.043217 0.044728
1 0.292317 0.691693 0.049220 0.070288
1 0.274910 0.612620 0.033613 0.049521
1 0.447179 0.876997 0.073229 0.079872
1 0.828331 0.837061 0.076831 0.124601
1 0.756303 0.652556 0.031212 0.033546
1 0.820528 0.393770 0.061224 0.103834
1 0.105042 0.063898 0.046819 0.063898
0 0.972989 0.775559 0.054022 0.135783
0 0.683073 0.921725 0.050420 0.073482
0 0.423770 0.337061 0.040816 0.057508
1 0.724490 0.089457 0.044418 0.060703
1 0.977791 0.061502 0.044418 0.078275
1 0.219688 0.470447 0.048019 0.100639
1 0.207083 0.176518 0.049220 0.094249
1 0.271309 0.089457 0.031212 0.070288
1 0.034814 0.948882 0.060024 0.102236
0 0.373950 0.628594 0.032413 0.052716
1 0.665066 0.042332 0.033613 0.055911
