0 0.189676 0.694089 0.062425 0.043131
0 0.440576 0.769169 0.069628 0.055911
0 0.809124 0.610224 0.052821 0.057508
0 0.686675 0.156550 0.036014 0.051118
0 0.601441 0.206869 0.036014 0.043131
0 0.556423 0.178115 0.037215 0.039936
0 0.559424 0.099042 0.062425 0.044728
0 0.196279 0.087859 0.049220 0.051118
0 0.394958 0.181310 0.045618 0.065495
0 0.179472 0.460064 0.037215 0.044728
0 0.515006 0.339457 0.043217 0.046326
0 0.958583 0.734824 0.070828 0.118211
0 0.963385 0.936901 0.058824 0.062300
0 0.831933 0.932109 0.057623 0.062300
0 0.783914 0.864217 0.057623 0.057508
0 0.501801 0.794728 0.036014 0.036741
0 0.434574 0.956070 0.064826 0.087859
0 0.334334 0.981629 0.039616 0.036741
0 0.055822 0.980831 0.042017 0.038339
0 0.130852 0.886581 0.040816 0.047923
0 0.048619 0.571885 0.030012 0.044728
0 0.038415 0.325879 0.031212 0.041534
0 0.043217 0.409744 0.036014 0.036741
0 0.361945 0.902556 0.044418 0.057508
0 0.352341 0.777157 0.034814 0.033546
0 0.454982 0.561502 0.028812 0.043131
0 0.615246 0.607827 0.037215 0.043131
0 0.440576 0.510383 0.031212 0.043131
0 0.469988 0.507987 0.032413 0.044728
0 0.498800 0.431310 0.032413 0.031949
0 0.541417 0.432109 0.026411 0.027157
0 0.803121 0.228435 0.040816 0.067093
0 0.782113 0.191693 0.025210 0.047923
0 0.809124 0.295527 0.026411 0.041534
0 0.923770 0.254792 0.032413 0.068690
0 0.887155 0.219649 0.031212 0.046326
0 0.929772 0.527955 0.030012 0.049521
0 0.888956 0.624601 0.022809 0.051118
0 0.851741 0.642173 0.025210 0.041534
0 0.800120 0.650160 0.030012 0.028754
0 0.133854 0.110224 0.025210 0.060703
0 0.102041 0.110224 0.033613 0.047923
0 0.156663 0.075879 0.025210 0.039936
0 0.254502 0.309105 0.031212 0.039936
0 0.603241 0.046326 0.042017 0.047923
0 0.705882 0.423323 0.031212 0.044728
0 0.433373 0.688498 0.024010 0.038339
0 0.540216 0.678115 0.038415 0.033546
0 0.581633 0.571086 0.015606 0.030351
0 0.596639 0.924920 0.040816 0.044728
0 0.572029 0.977636 0.030012 0.028754
0 0.652461 0.982428 0.037215 0.035144
0 0.773709 0.927316 0.034814 0.052716
0 0.701681 0.910543 0.027611 0.031949
0 0.872749 0.033546 0.033613 0.044728
0 0.598439 0.504792 0.018007 0.035144
0 0.554622 0.373802 0.033613 0.041534
0 0.201080 0.303514 0.034814 0.038339
0 0.157263 0.385783 0.033613 0.043131
0 0.086435 0.306709 0.036014 0.041534
0 0.435174 0.076677 0.032413 0.047923
0 0.965186 0.070288 0.036014 0.051118
0 0.735894 0.588658 0.038415 0.055911
0 0.367947 0.685304 0.025210 0.041534
0 0.321128 0.634185 0.030012 0.035144
0 0.227491 0.613419 0.034814 0.038339
0 0.618247 0.300319 0.021609 0.022364
0 0.739496 0.103035 0.038415 0.043131
0 0.810324 0.373003 0.031212 0.043131
0 0.773709 0.483227 0.032413 0.039936
0 0.187875 0.746805 0.044418 0.043131
0 0.189676 0.633387 0.026411 0.039936
0 0.833733 0.250799 0.032413 0.025559
0 0.714286 0.637380 0.031212 0.028754
0 0.877551 0.348243 0.026411 0.028754
0 0.037215 0.813898 0.031212 0.036741
0 0.361345 0.252396 0.028812 0.031949
0 0.538415 0.237220 0.037215 0.036741
0 0.480192 0.126198 0.028812 0.031949
0 0.682473 0.207668 0.022809 0.035144
0 0.708884 0.382588 0.020408 0.030351
0 0.618247 0.424121 0.021609 0.027157
0 0.576831 0.676518 0.027611 0.036741
0 0.673469 0.614217 0.024010 0.033546
0 0.767107 0.698882 0.028812 0.039936
