0 0.789916 0.403355 0.108043 0.119808
0 0.632653 0.617412 0.048019 0.062300
0 0.611044 0.528754 0.043217 0.051118
0 0.521008 0.601438 0.048019 0.059105
0 0.633854 0.831470 0.055222 0.068690
0 0.775510 0.685304 0.055222 0.063898
0 0.780312 0.766773 0.062425 0.079872
0 0.887155 0.746805 0.043217 0.059105
0 0.900360 0.810703 0.199280 0.295527
0 0.718487 0.392971 0.046819 0.070288
0 0.768307 0.325879 0.036014 0.051118
0 0.824130 0.307508 0.042017 0.059105
0 0.511405 0.321885 0.074430 0.138978
0 0.352341 0.629393 0.154862 0.261981
0 0.304322 0.770767 0.032413 0.039936
0 0.311525 0.586262 0.046819 0.073482
0 0.235894 0.626997 0.032413 0.043131
0 0.061825 0.869808 0.039616 0.046326
0 0.014406 0.842652 0.026411 0.049521
0 0.977791 0.224441 0.044418 0.071885
0 0.911765 0.143770 0.046819 0.060703
0 0.836134 0.254792 0.027611 0.049521
1 0.809124 0.039936 0.028812 0.054313
1 0.582233 0.079872 0.033613 0.038339
1 0.555222 0.061502 0.039616 0.043131
1 0.450780 0.018371 0.022809 0.027157
1 0.270108 0.190895 0.033613 0.036741
1 0.258703 0.095847 0.018007 0.035144
1 0.217887 0.016773 0.046819 0.030351
1 0.130852 0.162141 0.036014 0.052716
1 0.145858 0.121406 0.025210 0.035144
1 0.189676 0.313099 0.048019 0.060703
1 0.272509 0.410543 0.043217 0.054313
1 0.469988 0.721246 0.044418 0.071885
1 0.430372 0.704473 0.032413 0.047923
1 0.424370 0.809105 0.027611 0.046326
1 0.529412 0.805911 0.028812 0.046326
1 0.529412 0.734026 0.033613 0.052716
1 0.890756 0.420927 0.045618 0.068690
1 0.840936 0.596645 0.042017 0.062300
0 0.977191 0.376198 0.045618 0.075080
0 0.929172 0.379393 0.052821 0.049521
0 0.014406 0.972843 0.026411 0.054313
0 0.185474 0.934505 0.037215 0.035144
0 0.188475 0.968850 0.033613 0.033546
0 0.148259 0.972843 0.044418 0.044728
1 0.420768 0.956869 0.020408 0.041534
1 0.914166 0.472045 0.044418 0.059105
1 0.982593 0.513578 0.034814 0.039936
0 0.376951 0.182109 0.038415 0.044728
0 0.116447 0.637380 0.028812 0.031949
0 0.662665 0.330671 0.036014 0.041534
0 0.462785 0.185304 0.027611 0.031949
