0 0.447179 0.119010 0.318127 0.234824
0 0.663265 0.492013 0.061224 0.076677
0 0.545018 0.716454 0.038415 0.039936
0 0.475390 0.725240 0.040816 0.067093
0 0.413565 0.702077 0.032413 0.059105
0 0.291116 0.648562 0.061224 0.086262
0 0.214286 0.424920 0.042017 0.063898
0 0.208884 0.374601 0.028812 0.036741
0 0.255702 0.262780 0.033613 0.049521
0 0.142857 0.438498 0.036014 0.039936
0 0.040216 0.642971 0.044418 0.049521
0 0.349940 0.488818 0.039616 0.044728
0 0.468187 0.368211 0.031212 0.052716
0 0.627251 0.134984 0.032413 0.046326
0 0.928571 0.036741 0.030012 0.047923
0 0.746098 0.690096 0.032413 0.047923
0 0.780912 0.716454 0.032413 0.043131
0 0.731693 0.736422 0.030012 0.041534
0 0.768307 0.765176 0.038415 0.044728
0 0.815726 0.820288 0.037215 0.055911
0 0.799520 0.968850 0.036014 0.046326
0 0.961585 0.904153 0.045618 0.070288
0 0.892557 0.951278 0.030012 0.033546
0 0.085234 0.182109 0.031212 0.035144
0 0.053421 0.097444 0.022809 0.031949
0 0.131453 0.120607 0.020408 0.023962
0 0.148259 0.136581 0.010804 0.027157
0 0.199280 0.064696 0.024010 0.046326
0 0.740696 0.311502 0.031212 0.044728
0 0.645258 0.365016 0.027611 0.033546
0 0.838535 0.383387 0.032413 0.041534
0 0.801321 0.564696 0.042017 0.046326
0 0.839736 0.692492 0.034814 0.055911
0 0.913565 0.567093 0.043217 0.047923
0 0.987995 0.562300 0.021609 0.028754
0 0.977191 0.279553 0.028812 0.038339
0 0.322329 0.832268 0.037215 0.038339
0 0.253902 0.773163 0.025210 0.038339
0 0.181273 0.869808 0.024010 0.030351
0 0.987395 0.152556 0.025210 0.046326
0 0.987995 0.043131 0.024010 0.044728
0 0.870948 0.071885 0.025210 0.035144
0 0.734694 0.057508 0.026411 0.028754
0 0.795318 0.023962 0.025210 0.028754
0 0.821128 0.054313 0.031212 0.035144
0 0.867947 0.014377 0.050420 0.025559
0 0.686074 0.210064 0.022809 0.033546
0 0.912365 0.774760 0.016807 0.031949
0 0.990996 0.776358 0.018007 0.031949
0 0.418367 0.469649 0.022809 0.028754
0 0.581633 0.432109 0.061224 0.087859
0 0.188475 0.607029 0.019208 0.031949
0 0.240096 0.537540 0.024010 0.030351
1 0.048019 0.315495 0.093637 0.225240
1 0.181273 0.816294 0.360144 0.367412
