0 0.821729 0.287540 0.114046 0.121406
0 0.794118 0.546326 0.044418 0.079872
0 0.455582 0.750000 0.061224 0.100639
0 0.071429 0.095048 0.054022 0.087859
0 0.022209 0.246006 0.042017 0.089457
0 0.265906 0.337859 0.042017 0.049521
0 0.377551 0.311502 0.056423 0.067093
0 0.448980 0.091853 0.043217 0.062300
0 0.154862 0.682907 0.057623 0.097444
0 0.218487 0.853834 0.062425 0.107029
0 0.660864 0.482428 0.042017 0.054313
1 0.898559 0.061502 0.042017 0.075080
1 0.570228 0.177316 0.076831 0.083067
1 0.871549 0.432907 0.033613 0.067093
1 0.927971 0.622204 0.031212 0.068690
0 0.969388 0.185304 0.049220 0.067093
0 0.894358 0.166134 0.040816 0.047923
0 0.387755 0.432109 0.036014 0.052716
0 0.281513 0.582268 0.075630 0.091054
0 0.274910 0.456869 0.069628 0.095847
0 0.513205 0.385783 0.039616 0.046326
0 0.539616 0.289936 0.025210 0.036741
0 0.716086 0.246805 0.073229 0.091054
0 0.704082 0.063099 0.080432 0.097444
0 0.596038 0.764377 0.049220 0.043131
