0 0.426771 0.107827 0.068427 0.071885
0 0.784514 0.473642 0.154862 0.228435
0 0.100840 0.770767 0.064826 0.084665
0 0.831933 0.775559 0.055222 0.078275
0 0.110444 0.480831 0.033613 0.073482
0 0.340336 0.162939 0.066026 0.111821
0 0.015606 0.177316 0.028812 0.051118
0 0.017407 0.226038 0.032413 0.043131
0 0.578631 0.056709 0.064826 0.075080
0 0.537215 0.448083 0.032413 0.043131
0 0.254502 0.242013 0.036014 0.052716
0 0.971789 0.786741 0.056423 0.062300
1 0.980192 0.563898 0.037215 0.057508
1 0.752101 0.629393 0.049220 0.057508
1 0.751501 0.698083 0.036014 0.060703
1 0.672869 0.595847 0.039616 0.051118
1 0.592437 0.862620 0.058824 0.076677
1 0.458583 0.971246 0.045618 0.054313
1 0.380552 0.971246 0.052821 0.057508
1 0.169268 0.907348 0.038415 0.047923
1 0.227491 0.813898 0.046819 0.059105
0 0.659064 0.080671 0.040816 0.065495
0 0.836735 0.145367 0.043217 0.076677
0 0.898559 0.038339 0.073229 0.073482
0 0.453782 0.649361 0.043217 0.055911
