0 0.373950 0.067891 0.054022 0.071885
0 0.495198 0.066294 0.078031 0.078275
0 0.575030 0.023962 0.064826 0.044728
0 0.831333 0.126997 0.051621 0.059105
1 0.861345 0.358626 0.039616 0.065495
0 0.859544 0.313099 0.031212 0.047923
1 0.952581 0.448083 0.058824 0.068690
1 0.712485 0.335463 0.039616 0.047923
1 0.792317 0.356230 0.048019 0.054313
1 0.701681 0.401757 0.032413 0.039936
0 0.602041 0.229233 0.058824 0.059105
0 0.584034 0.175719 0.046819 0.047923
0 0.370348 0.580671 0.061224 0.075080
0 0.189676 0.570288 0.076831 0.073482
0 0.139256 0.474441 0.064826 0.073482
0 0.083433 0.519968 0.044418 0.078275
1 0.857743 0.580671 0.042017 0.068690
1 0.514406 0.912939 0.090036 0.126198
1 0.620648 0.869808 0.064826 0.062300
1 0.873349 0.855431 0.039616 0.055911
1 0.951381 0.881789 0.037215 0.051118
1 0.917767 0.914537 0.051621 0.055911
1 0.824130 0.940895 0.046819 0.041534
1 0.765306 0.762780 0.032413 0.036741
1 0.828331 0.790735 0.028812 0.035144
1 0.840336 0.662939 0.031212 0.035144
1 0.701080 0.543131 0.033613 0.051118
1 0.756903 0.526358 0.037215 0.039936
1 0.309724 0.230032 0.043217 0.044728
1 0.270708 0.210863 0.037215 0.041534
1 0.162665 0.202077 0.150060 0.161342
1 0.037815 0.077476 0.073229 0.091054
1 0.255702 0.325080 0.072029 0.062300
1 0.303721 0.404952 0.064826 0.059105
1 0.331333 0.335463 0.031212 0.041534
1 0.377551 0.434505 0.034814 0.051118
1 0.394958 0.384185 0.031212 0.039936
1 0.422569 0.447284 0.024010 0.035144
1 0.232293 0.708466 0.046819 0.052716
1 0.141657 0.690895 0.040816 0.049521
1 0.230492 0.904952 0.045618 0.068690
1 0.423770 0.894569 0.048019 0.057508
1 0.480192 0.842652 0.050420 0.059105
1 0.456182 0.761981 0.043217 0.060703
1 0.503001 0.698083 0.055222 0.057508
1 0.524010 0.634984 0.049220 0.052716
0 0.119448 0.966454 0.044418 0.051118
0 0.292317 0.704473 0.020408 0.035144
0 0.342137 0.699681 0.036014 0.044728
0 0.384154 0.694888 0.038415 0.051118
0 0.501801 0.487220 0.026411 0.038339
0 0.469988 0.143770 0.025210 0.044728
