0 0.708283 0.206869 0.052821 0.062300
0 0.114046 0.658946 0.028812 0.043131
0 0.333133 0.853035 0.039616 0.047923
0 0.327731 0.622204 0.033613 0.049521
0 0.280912 0.591853 0.048019 0.055911
0 0.126651 0.765974 0.027611 0.027157
0 0.054022 0.252396 0.050420 0.057508
0 0.162065 0.144569 0.048019 0.071885
0 0.118247 0.086262 0.030012 0.051118
0 0.162665 0.063898 0.044418 0.060703
0 0.132653 0.011981 0.030012 0.017572
0 0.446579 0.369808 0.036014 0.071885
0 0.945378 0.807508 0.092437 0.123003
0 0.928571 0.880990 0.044418 0.036741
0 0.938175 0.933706 0.046819 0.059105
0 0.838535 0.874601 0.042017 0.062300
0 0.860744 0.795527 0.036014 0.038339
0 0.626651 0.815495 0.024010 0.039936
0 0.520408 0.668530 0.034814 0.043131
0 0.534814 0.464856 0.054022 0.060703
0 0.543217 0.392173 0.027611 0.033546
0 0.618247 0.186102 0.050420 0.065495
0 0.641657 0.137380 0.046819 0.054313
0 0.941777 0.071086 0.032413 0.068690
0 0.977791 0.100639 0.037215 0.076677
0 0.708884 0.347444 0.054022 0.081470
0 0.491597 0.309904 0.032413 0.041534
0 0.977791 0.492812 0.032413 0.062300
0 0.944178 0.624601 0.027611 0.044728
0 0.786915 0.607029 0.054022 0.083067
0 0.978992 0.595048 0.037215 0.039936
0 0.836134 0.365016 0.042017 0.052716
0 0.819328 0.412939 0.027611 0.043131
0 0.930372 0.341054 0.038415 0.046326
0 0.591236 0.059105 0.025210 0.038339
0 0.295318 0.512780 0.036014 0.038339
0 0.216687 0.472843 0.030012 0.044728
0 0.200480 0.352236 0.031212 0.039936
0 0.070828 0.965655 0.038415 0.046326
0 0.043818 0.845847 0.032413 0.036741
0 0.041417 0.975240 0.030012 0.030351
0 0.228691 0.944089 0.046819 0.041534
0 0.252701 0.897764 0.025210 0.044728
0 0.315126 0.769968 0.032413 0.041534
0 0.363145 0.780351 0.030012 0.033546
0 0.435174 0.724441 0.051621 0.059105
0 0.427971 0.674920 0.030012 0.039936
0 0.462785 0.626198 0.046819 0.047923
0 0.204082 0.592652 0.028812 0.041534
0 0.060024 0.595847 0.024010 0.038339
0 0.101441 0.602236 0.027611 0.038339
0 0.474790 0.075879 0.042017 0.036741
0 0.907563 0.528754 0.036014 0.070288
0 0.167467 0.625399 0.034814 0.049521
0 0.681273 0.103035 0.030012 0.043131
0 0.749700 0.152556 0.032413 0.036741
0 0.752101 0.011182 0.032413 0.019169
0 0.677671 0.019968 0.025210 0.036741
0 0.741297 0.837859 0.054022 0.075080
0 0.801921 0.695687 0.028812 0.059105
0 0.963986 0.706070 0.055222 0.073482
0 0.486194 0.505591 0.038415 0.059105
0 0.479592 0.381789 0.034814 0.054313
0 0.352941 0.291534 0.045618 0.043131
0 0.622449 0.250000 0.030012 0.043131
0 0.221489 0.154952 0.022809 0.041534
0 0.764706 0.725240 0.040816 0.051118
0 0.034814 0.590256 0.021609 0.036741
0 0.454982 0.033546 0.036014 0.028754
0 0.413565 0.071086 0.022809 0.027157
0 0.384754 0.020767 0.027611 0.038339
0 0.704682 0.637380 0.028812 0.035144
0 0.834934 0.987220 0.025210 0.025559
0 0.295918 0.308307 0.030012 0.038339
0 0.941777 0.226837 0.044418 0.060703
0 0.617647 0.892173 0.022809 0.043131
0 0.391357 0.940895 0.031212 0.022364
0 0.205882 0.793930 0.037215 0.057508
0 0.587035 0.723642 0.021609 0.035144
0 0.682473 0.780351 0.022809 0.039936
0 0.441777 0.230032 0.033613 0.022364
0 0.801321 0.282748 0.020408 0.038339
0 0.566627 0.169329 0.026411 0.031949
0 0.389556 0.602236 0.027611 0.038339
0 0.363145 0.619808 0.030012 0.054313
0 0.895558 0.128594 0.036014 0.046326
