0 0.084034 0.130990 0.038415 0.044728
0 0.443577 0.092652 0.469388 0.182109
0 0.725690 0.884984 0.042017 0.044728
0 0.827731 0.757987 0.037215 0.059105
0 0.841537 0.881789 0.038415 0.057508
0 0.879952 0.979233 0.038415 0.041534
0 0.898559 0.932109 0.030012 0.039936
0 0.809124 0.552716 0.038415 0.038339
0 0.918367 0.421725 0.038415 0.044728
1 0.729292 0.209265 0.025210 0.031949
0 0.322929 0.583067 0.045618 0.057508
0 0.289916 0.797125 0.022809 0.035144
0 0.282713 0.691693 0.032413 0.047923
0 0.235894 0.037540 0.027611 0.043131
1 0.551020 0.759585 0.048019 0.065495
1 0.471789 0.873802 0.038415 0.063898
1 0.409964 0.911342 0.039616 0.043131
1 0.604442 0.934505 0.039616 0.051118
1 0.717887 0.817093 0.045618 0.059105
1 0.759304 0.630192 0.049220 0.062300
1 0.665666 0.596645 0.039616 0.046326
1 0.882953 0.593450 0.046819 0.055911
1 0.097239 0.354633 0.036014 0.041534
1 0.123049 0.615016 0.034814 0.047923
1 0.217887 0.821086 0.039616 0.051118
1 0.233493 0.881789 0.027611 0.041534
1 0.158463 0.972843 0.038415 0.044728
1 0.013205 0.789936 0.024010 0.046326
1 0.071429 0.940895 0.032413 0.047923
1 0.204082 0.254792 0.028812 0.033546
1 0.379352 0.430511 0.033613 0.039936
1 0.322329 0.436102 0.032413 0.028754
1 0.325930 0.472843 0.025210 0.031949
1 0.234694 0.459265 0.030012 0.036741
1 0.328932 0.269169 0.028812 0.039936
1 0.810324 0.337859 0.026411 0.030351
1 0.771909 0.282748 0.028812 0.031949
0 0.120048 0.133387 0.026411 0.039936
0 0.115846 0.091853 0.025210 0.027157
0 0.033613 0.167732 0.031212 0.038339
0 0.417167 0.614217 0.032413 0.039936
0 0.378752 0.510383 0.030012 0.039936
0 0.551621 0.542332 0.025210 0.023962
0 0.567227 0.568690 0.025210 0.025559
0 0.916567 0.591054 0.022809 0.028754
0 0.822329 0.607029 0.026411 0.047923
1 0.493397 0.461661 0.036014 0.063898
1 0.509604 0.700479 0.025210 0.033546
1 0.535414 0.670927 0.021609 0.028754
1 0.160864 0.487220 0.019208 0.022364
1 0.021609 0.624601 0.033613 0.035144
