0 0.744898 0.884185 0.099640 0.142173
0 0.288115 0.892173 0.064826 0.091054
0 0.039016 0.716454 0.037215 0.049521
0 0.220288 0.587859 0.049220 0.067093
0 0.079832 0.055112 0.073229 0.081470
0 0.064826 0.150160 0.045618 0.057508
0 0.092437 0.215655 0.072029 0.060703
0 0.158463 0.412939 0.045618 0.065495
0 0.171669 0.480032 0.031212 0.052716
0 0.133253 0.777955 0.050420 0.060703
0 0.213085 0.801118 0.034814 0.046326
0 0.101441 0.868211 0.025210 0.039936
0 0.322329 0.647764 0.046819 0.065495
0 0.271909 0.579872 0.037215 0.051118
0 0.234094 0.394569 0.033613 0.035144
0 0.223890 0.349840 0.034814 0.028754
0 0.452581 0.327476 0.031212 0.044728
0 0.454382 0.376198 0.034814 0.043131
0 0.411164 0.271565 0.034814 0.047923
0 0.420768 0.314696 0.020408 0.028754
0 0.836134 0.331470 0.039616 0.062300
0 0.895558 0.310703 0.028812 0.055911
0 0.974790 0.299521 0.040816 0.055911
0 0.535414 0.706869 0.033613 0.033546
0 0.749100 0.519968 0.043217 0.059105
0 0.830732 0.491214 0.038415 0.052716
0 0.837335 0.464058 0.027611 0.039936
0 0.957983 0.549521 0.036014 0.051118
0 0.799520 0.606230 0.026411 0.030351
0 0.653661 0.737220 0.030012 0.039936
0 0.450780 0.227636 0.030012 0.036741
0 0.525810 0.234026 0.019208 0.030351
0 0.398559 0.705272 0.043217 0.055911
0 0.424970 0.603035 0.040816 0.043131
0 0.388956 0.521565 0.036014 0.033546
0 0.051621 0.869010 0.028812 0.044728
0 0.400960 0.756390 0.050420 0.049521
0 0.486795 0.745208 0.030012 0.039936
0 0.502401 0.797125 0.025210 0.031949
0 0.615846 0.720447 0.033613 0.047923
0 0.944178 0.412141 0.044418 0.044728
0 0.903962 0.233227 0.045618 0.070288
0 0.811525 0.119010 0.024010 0.046326
0 0.292917 0.181310 0.038415 0.036741
0 0.238896 0.035144 0.026411 0.047923
0 0.196879 0.027955 0.028812 0.033546
0 0.024010 0.603035 0.028812 0.030351
0 0.596639 0.396166 0.038415 0.054313
0 0.503001 0.415335 0.036014 0.047923
0 0.566026 0.390575 0.027611 0.043131
0 0.644658 0.309904 0.028812 0.035144
0 0.621248 0.186901 0.025210 0.035144
0 0.983193 0.861821 0.021609 0.059105
0 0.469388 0.929712 0.028812 0.038339
0 0.532413 0.948882 0.044418 0.041534
0 0.651861 0.850639 0.033613 0.036741
0 0.626050 0.807508 0.032413 0.033546
0 0.692077 0.771565 0.020408 0.022364
0 0.737695 0.757188 0.030012 0.044728
0 0.794718 0.726038 0.024010 0.030351
0 0.834934 0.697284 0.018007 0.033546
0 0.734094 0.694888 0.027611 0.022364
0 0.660864 0.154153 0.044418 0.055911
0 0.926771 0.777955 0.040816 0.057508
0 0.929772 0.861022 0.037215 0.060703
0 0.944178 0.914537 0.025210 0.039936
0 0.303121 0.789936 0.027611 0.027157
0 0.224490 0.464058 0.031212 0.036741
0 0.413565 0.087061 0.030012 0.033546
0 0.835534 0.205272 0.036014 0.036741
0 0.865546 0.156550 0.033613 0.035144
0 0.972389 0.238818 0.031212 0.046326
0 0.490996 0.660543 0.028812 0.030351
0 0.688475 0.484026 0.037215 0.031949
0 0.891357 0.611821 0.034814 0.038339
0 0.975990 0.748403 0.031212 0.049521
0 0.533013 0.576677 0.028812 0.035144
0 0.681873 0.374601 0.045618 0.033546
0 0.677071 0.313898 0.026411 0.033546
0 0.262305 0.297125 0.037215 0.044728
0 0.199880 0.303514 0.044418 0.047923
0 0.340336 0.138179 0.032413 0.049521
0 0.643457 0.059904 0.019208 0.036741
0 0.853541 0.528754 0.021609 0.041534
0 0.838535 0.579872 0.025210 0.035144
0 0.570228 0.763578 0.028812 0.057508
0 0.415966 0.368211 0.020408 0.036741
0 0.293517 0.757188 0.034814 0.038339
0 0.276711 0.720447 0.042017 0.044728
0 0.223289 0.526358 0.028812 0.039936
0 0.909364 0.691693 0.027611 0.028754
0 0.886555 0.737220 0.025210 0.027157
0 0.615846 0.306709 0.024010 0.035144
0 0.546218 0.017572 0.033613 0.031949
0 0.792917 0.541534 0.022809 0.028754
0 0.391357 0.845847 0.031212 0.043131
0 0.359544 0.181310 0.027611 0.027157
0 0.888355 0.543930 0.019208 0.033546
0 0.058223 0.985623 0.027611 0.028754
0 0.734094 0.365815 0.039616 0.035144
