0 0.292317 0.612620 0.387755 0.506390
0 0.797719 0.636581 0.085234 0.097444
0 0.576831 0.876198 0.123649 0.193291
0 0.852941 0.324281 0.073229 0.089457
0 0.880552 0.089457 0.054022 0.073482
0 0.204682 0.093450 0.056423 0.071885
0 0.084034 0.238019 0.052821 0.099042
1 0.235894 0.314696 0.054022 0.057508
1 0.558223 0.146166 0.057623 0.075080
0 0.581633 0.500000 0.054022 0.063898
0 0.584634 0.305911 0.048019 0.055911
0 0.031212 0.416134 0.052821 0.110224
0 0.041417 0.578275 0.037215 0.051118
0 0.021609 0.716454 0.031212 0.071885
0 0.043818 0.915335 0.056423 0.070288
0 0.272509 0.973642 0.076831 0.052716
0 0.678872 0.947284 0.054022 0.070288
0 0.719688 0.800319 0.152461 0.156550
0 0.892557 0.696486 0.039616 0.073482
0 0.858944 0.799521 0.037215 0.046326
0 0.840336 0.867412 0.033613 0.054313
0 0.694478 0.262780 0.056423 0.065495
1 0.114646 0.083866 0.070828 0.065495
1 0.038415 0.095847 0.052821 0.089457
0 0.450780 0.108626 0.037215 0.057508
0 0.353541 0.184505 0.044418 0.068690
0 0.561224 0.047125 0.082833 0.078275
0 0.310924 0.282748 0.028812 0.057508
0 0.539616 0.700479 0.054022 0.071885
0 0.822329 0.505591 0.043217 0.046326
0 0.977191 0.299521 0.045618 0.081470
0 0.778511 0.058307 0.051621 0.059105
1 0.280312 0.098243 0.037215 0.055911
1 0.165066 0.187700 0.044418 0.046326
0 0.400360 0.970447 0.039616 0.052716
0 0.965186 0.604633 0.069628 0.154952
0 0.931573 0.211661 0.050420 0.068690
0 0.962185 0.111821 0.034814 0.086262
0 0.512005 0.338658 0.042017 0.067093
0 0.807323 0.980032 0.104442 0.039936
1 0.944178 0.750000 0.049220 0.071885
1 0.860144 0.910543 0.058824 0.047923
0 0.838535 0.018371 0.039616 0.033546
