0 0.327131 0.333866 0.169268 0.175719
0 0.200480 0.650160 0.076831 0.086262
0 0.714286 0.202077 0.086435 0.107029
0 0.680672 0.103035 0.045618 0.059105
0 0.611044 0.031150 0.036014 0.049521
0 0.881152 0.192492 0.048019 0.087859
0 0.842137 0.633387 0.051621 0.113419
0 0.960984 0.400160 0.078031 0.097444
0 0.472389 0.743610 0.051621 0.062300
0 0.528812 0.114217 0.020408 0.043131
0 0.204082 0.104633 0.028812 0.036741
0 0.815126 0.228435 0.062425 0.076677
1 0.617047 0.494409 0.055222 0.078275
0 0.946579 0.618211 0.042017 0.057508
0 0.138055 0.341853 0.052821 0.063898
0 0.174070 0.321885 0.050420 0.065495
0 0.029412 0.956070 0.049220 0.084665
