0 0.487395 0.587859 0.079232 0.108626
0 0.845738 0.055112 0.078031 0.107029
0 0.970588 0.103035 0.044418 0.078275
0 0.319328 0.114217 0.060024 0.065495
0 0.337935 0.546326 0.061224 0.086262
0 0.444178 0.488019 0.033613 0.049521
0 0.462185 0.468051 0.033613 0.038339
0 0.548619 0.309105 0.038415 0.043131
0 0.306122 0.298722 0.048019 0.092652
0 0.178271 0.291534 0.054022 0.091054
0 0.107443 0.219649 0.039616 0.043131
0 0.039616 0.279553 0.045618 0.060703
0 0.104442 0.319489 0.026411 0.022364
0 0.277911 0.785942 0.042017 0.041534
0 0.255102 0.858626 0.042017 0.065495
0 0.015006 0.825080 0.027611 0.075080
0 0.909364 0.664537 0.054022 0.067093
0 0.839136 0.602236 0.055222 0.060703
0 0.675870 0.419329 0.045618 0.062300
0 0.639256 0.342652 0.032413 0.052716
0 0.529412 0.368211 0.045618 0.055911
0 0.616447 0.277955 0.030012 0.038339
0 0.687275 0.120607 0.058824 0.071885
0 0.453782 0.060703 0.060024 0.054313
0 0.504202 0.152556 0.045618 0.039936
0 0.546218 0.120607 0.043217 0.036741
0 0.779712 0.396166 0.044418 0.038339
0 0.769508 0.364217 0.031212 0.019169
0 0.606242 0.703674 0.036014 0.046326
0 0.315126 0.731629 0.030012 0.044728
0 0.522809 0.830671 0.034814 0.035144
0 0.539616 0.763578 0.032413 0.028754
0 0.477791 0.734026 0.031212 0.039936
0 0.452581 0.803514 0.040816 0.057508
0 0.237095 0.674121 0.037215 0.047923
0 0.852941 0.861022 0.037215 0.051118
0 0.895558 0.848243 0.024010 0.031949
0 0.936375 0.843450 0.024010 0.035144
0 0.965186 0.728435 0.033613 0.041534
0 0.984994 0.601438 0.027611 0.039936
0 0.950780 0.597444 0.028812 0.044728
0 0.914766 0.285942 0.033613 0.041534
0 0.896158 0.333866 0.034814 0.044728
0 0.881753 0.412141 0.039616 0.031949
0 0.893157 0.370607 0.026411 0.038339
0 0.692077 0.716454 0.027611 0.043131
0 0.758103 0.896965 0.034814 0.043131
0 0.732893 0.957668 0.037215 0.049521
0 0.432773 0.946486 0.049220 0.062300
0 0.809124 0.162939 0.024010 0.047923
0 0.656062 0.032748 0.027611 0.043131
0 0.076831 0.099840 0.036014 0.046326
0 0.028812 0.141374 0.036014 0.030351
0 0.261104 0.312300 0.020408 0.039936
0 0.351741 0.475240 0.021609 0.036741
0 0.620048 0.031949 0.027611 0.041534
0 0.112845 0.642971 0.021609 0.027157
0 0.484994 0.897764 0.038415 0.041534
0 0.083433 0.919329 0.032413 0.030351
0 0.803721 0.839457 0.025210 0.039936
0 0.821128 0.498403 0.036014 0.054313
0 0.962785 0.029553 0.048019 0.055911
0 0.025810 0.025559 0.044418 0.044728
0 0.208884 0.479233 0.033613 0.031949
0 0.166267 0.540735 0.034814 0.036741
0 0.143457 0.581470 0.032413 0.041534
0 0.048619 0.555911 0.032413 0.044728
0 0.019208 0.650958 0.031212 0.033546
0 0.565426 0.369010 0.026411 0.038339
0 0.372749 0.474441 0.022809 0.031949
0 0.559424 0.833067 0.028812 0.046326
0 0.790516 0.988019 0.022809 0.023962
0 0.752701 0.154153 0.019208 0.039936
0 0.298319 0.019169 0.030012 0.035144
0 0.762905 0.084665 0.027611 0.047923
0 0.187275 0.687700 0.033613 0.059105
0 0.123649 0.846645 0.036014 0.063898
0 0.767707 0.526358 0.025210 0.039936
0 0.950180 0.880990 0.032413 0.033546
0 0.492797 0.088658 0.030012 0.039936
