0 0.783313 0.167732 0.078031 0.095847
0 0.400960 0.042332 0.045618 0.052716
0 0.617047 0.313099 0.074430 0.092652
0 0.878752 0.305112 0.045618 0.063898
0 0.816927 0.389776 0.058824 0.060703
0 0.920768 0.176518 0.055222 0.075080
0 0.950780 0.328275 0.031212 0.030351
0 0.957383 0.386581 0.022809 0.031949
0 0.473589 0.936102 0.054022 0.070288
0 0.021609 0.547923 0.040816 0.095847
1 0.127251 0.283546 0.057623 0.091054
0 0.490996 0.053514 0.048019 0.062300
1 0.037815 0.046326 0.032413 0.038339
1 0.247299 0.234824 0.048019 0.063898
1 0.288715 0.384984 0.058824 0.073482
1 0.076831 0.374601 0.052821 0.062300
1 0.107443 0.481629 0.044418 0.049521
1 0.072629 0.808307 0.046819 0.063898
1 0.110444 0.886581 0.069628 0.121406
1 0.451981 0.779553 0.073229 0.063898
1 0.445378 0.645367 0.040816 0.070288
1 0.413565 0.559105 0.056423 0.076677
1 0.319328 0.484824 0.045618 0.062300
0 0.334934 0.854633 0.031212 0.054313
0 0.372149 0.341054 0.052821 0.046326
0 0.444778 0.455272 0.051621 0.047923
0 0.253301 0.563099 0.064826 0.078275
0 0.090036 0.982428 0.040816 0.035144
0 0.776711 0.981629 0.060024 0.036741
0 0.933974 0.971246 0.072029 0.057508
0 0.905162 0.862620 0.045618 0.057508
0 0.782113 0.527157 0.030012 0.041534
0 0.501200 0.459265 0.034814 0.046326
0 0.486795 0.562300 0.051621 0.057508
0 0.303721 0.258786 0.050420 0.060703
0 0.917767 0.067891 0.164466 0.132588
0 0.449580 0.010383 0.039616 0.017572
1 0.912965 0.593450 0.051621 0.065495
1 0.734094 0.764377 0.037215 0.046326
1 0.665666 0.741214 0.032413 0.044728
1 0.702281 0.630192 0.033613 0.036741
1 0.621248 0.583067 0.044418 0.054313
1 0.612845 0.408147 0.042017 0.049521
1 0.631453 0.175719 0.028812 0.035144
1 0.644658 0.131789 0.043217 0.062300
1 0.600240 0.190895 0.026411 0.033546
1 0.018607 0.751597 0.034814 0.087859
1 0.027611 0.653355 0.026411 0.044728
1 0.054022 0.694089 0.024010 0.036741
1 0.031212 0.889776 0.028812 0.044728
1 0.521609 0.835463 0.032413 0.038339
1 0.626050 0.862620 0.051621 0.047923
1 0.777911 0.776358 0.033613 0.047923
1 0.947779 0.679712 0.037215 0.043131
1 0.905162 0.421725 0.038415 0.038339
1 0.749700 0.347444 0.042017 0.049521
1 0.754502 0.254792 0.027611 0.049521
1 0.711885 0.446486 0.045618 0.049521
0 0.222689 0.067891 0.037215 0.039936
0 0.776711 0.020767 0.043217 0.038339
0 0.970588 0.547923 0.022809 0.031949
