0 0.262905 0.351438 0.079232 0.102236
0 0.383553 0.532748 0.044418 0.049521
0 0.457383 0.515176 0.043217 0.049521
0 0.447179 0.426518 0.049220 0.057508
0 0.692677 0.190895 0.045618 0.075080
0 0.712485 0.250000 0.051621 0.068690
0 0.770708 0.118211 0.067227 0.076677
0 0.972389 0.203674 0.055222 0.078275
0 0.463385 0.059105 0.038415 0.051118
0 0.445378 0.022364 0.040816 0.038339
0 0.055222 0.402556 0.108043 0.137380
0 0.049220 0.178914 0.045618 0.041534
0 0.136855 0.102236 0.036014 0.035144
0 0.298920 0.938498 0.074430 0.094249
0 0.115846 0.959265 0.039616 0.055911
0 0.932773 0.943291 0.055222 0.081470
0 0.698679 0.023163 0.021609 0.033546
0 0.750300 0.034345 0.038415 0.039936
1 0.651861 0.048722 0.043217 0.062300
1 0.326531 0.022364 0.072029 0.041534
1 0.135654 0.294728 0.052821 0.065495
1 0.081633 0.269169 0.036014 0.043131
1 0.046819 0.265176 0.028812 0.035144
1 0.124250 0.153355 0.042017 0.047923
1 0.259904 0.215655 0.044418 0.057508
1 0.298920 0.191693 0.028812 0.044728
1 0.493397 0.254792 0.045618 0.078275
1 0.525210 0.319489 0.037215 0.057508
1 0.579232 0.470447 0.039616 0.065495
1 0.529412 0.472045 0.038415 0.065495
1 0.630852 0.549521 0.066026 0.092652
1 0.755102 0.771565 0.153661 0.175719
1 0.618247 0.734824 0.033613 0.044728
1 0.656062 0.734026 0.039616 0.055911
1 0.285114 0.674121 0.051621 0.051118
1 0.303121 0.727636 0.051621 0.049521
1 0.235294 0.806709 0.040816 0.054313
1 0.359544 0.787540 0.049220 0.041534
1 0.127251 0.894569 0.048019 0.063898
1 0.105042 0.734026 0.030012 0.033546
1 0.100240 0.785942 0.022809 0.035144
1 0.122449 0.807508 0.028812 0.030351
1 0.117647 0.564696 0.021609 0.033546
1 0.096639 0.574281 0.027611 0.039936
1 0.058223 0.576677 0.022809 0.035144
1 0.171669 0.587859 0.033613 0.047923
1 0.647059 0.237220 0.045618 0.055911
1 0.616447 0.310703 0.027611 0.043131
1 0.750900 0.539936 0.054022 0.079872
1 0.715486 0.573482 0.031212 0.051118
1 0.716687 0.619010 0.050420 0.049521
1 0.360144 0.087859 0.040816 0.051118
