0 0.109844 0.769169 0.051621 0.081470
1 0.337935 0.099042 0.164466 0.169329
1 0.542017 0.721246 0.097239 0.126198
1 0.950780 0.591054 0.064826 0.121406
0 0.893758 0.067891 0.169268 0.132588
0 0.834934 0.643770 0.073229 0.105431
0 0.094238 0.597444 0.082833 0.083067
0 0.679472 0.797125 0.072029 0.150160
0 0.490396 0.467252 0.066026 0.094249
0 0.866146 0.867412 0.054022 0.070288
1 0.946579 0.230032 0.066026 0.076677
0 0.444778 0.215655 0.046819 0.054313
1 0.571429 0.050319 0.050420 0.059105
0 0.029412 0.266773 0.056423 0.089457
0 0.022209 0.475240 0.037215 0.100639
0 0.189676 0.799521 0.057623 0.062300
0 0.560624 0.115016 0.048019 0.063898
0 0.544418 0.290735 0.030012 0.047923
0 0.091236 0.206869 0.055222 0.049521
0 0.126050 0.033546 0.050420 0.057508
1 0.636255 0.382588 0.057623 0.062300
1 0.873950 0.463259 0.076831 0.073482
1 0.752101 0.079872 0.130852 0.124601
0 0.815126 0.910543 0.074430 0.076677
0 0.018007 0.571885 0.033613 0.044728
0 0.933974 0.826677 0.108043 0.097444
0 0.579232 0.261182 0.030012 0.043131
1 0.569628 0.476038 0.044418 0.073482
1 0.423169 0.793930 0.042017 0.057508
1 0.375750 0.638179 0.055222 0.043131
1 0.300720 0.611821 0.034814 0.031949
0 0.232893 0.448882 0.043217 0.047923
1 0.255102 0.241214 0.046819 0.067093
0 0.135654 0.214058 0.045618 0.051118
0 0.779112 0.319489 0.031212 0.047923
1 0.741897 0.739617 0.050420 0.083067
0 0.108643 0.146965 0.039616 0.028754
1 0.577431 0.178914 0.086435 0.070288
1 0.073229 0.355431 0.088836 0.071885
1 0.390156 0.910543 0.043217 0.044728
0 0.310324 0.834665 0.034814 0.049521
1 0.049820 0.875399 0.054022 0.076677
1 0.651261 0.547125 0.054022 0.055911
0 0.841537 0.325879 0.036014 0.035144
1 0.485594 0.829872 0.039616 0.052716
1 0.455582 0.748403 0.034814 0.033546
0 0.821729 0.845847 0.049220 0.065495
0 0.148860 0.774760 0.026411 0.038339
