0 0.893157 0.078275 0.064826 0.073482
0 0.238896 0.594249 0.088836 0.111821
0 0.173469 0.577476 0.044418 0.052716
0 0.109244 0.587859 0.021609 0.038339
0 0.105042 0.496006 0.044418 0.049521
0 0.148860 0.389776 0.040816 0.035144
0 0.082833 0.337859 0.033613 0.049521
0 0.312725 0.440895 0.037215 0.063898
0 0.469388 0.636581 0.057623 0.091054
0 0.421969 0.619010 0.030012 0.055911
0 0.360744 0.638179 0.022809 0.033546
0 0.118848 0.840256 0.038415 0.060703
0 0.156663 0.888978 0.025210 0.052716
0 0.110444 0.904153 0.024010 0.038339
0 0.082233 0.956869 0.022809 0.031949
0 0.055822 0.776358 0.037215 0.038339
0 0.594838 0.737220 0.058824 0.075080
0 0.404562 0.518371 0.036014 0.039936
0 0.612845 0.296326 0.082833 0.103834
0 0.360744 0.325879 0.049220 0.041534
0 0.367347 0.278754 0.038415 0.043131
0 0.195678 0.337061 0.024010 0.028754
0 0.289316 0.163738 0.033613 0.046326
0 0.732893 0.840256 0.037215 0.044728
0 0.671669 0.867412 0.051621 0.047923
0 0.654262 0.801118 0.045618 0.055911
0 0.854142 0.675719 0.051621 0.070288
0 0.871549 0.835463 0.045618 0.051118
0 0.939376 0.884984 0.039616 0.051118
0 0.811525 0.968850 0.045618 0.055911
0 0.775510 0.193291 0.031212 0.031949
0 0.892557 0.233227 0.034814 0.031949
0 0.983794 0.310703 0.032413 0.062300
0 0.897359 0.414537 0.032413 0.049521
0 0.833133 0.392173 0.033613 0.039936
0 0.816327 0.023962 0.033613 0.041534
0 0.279112 0.053514 0.039616 0.030351
0 0.041417 0.169329 0.056423 0.063898
0 0.397359 0.015974 0.033613 0.028754
0 0.879352 0.558307 0.056423 0.103834
0 0.678271 0.047125 0.052821 0.068690
0 0.846939 0.734824 0.032413 0.041534
0 0.929772 0.408946 0.025210 0.063898
0 0.214886 0.679712 0.031212 0.055911
0 0.241297 0.110224 0.026411 0.041534
0 0.703481 0.421725 0.024010 0.038339
0 0.688475 0.373802 0.027611 0.031949
0 0.677671 0.403355 0.025210 0.039936
0 0.640456 0.468850 0.039616 0.046326
0 0.515606 0.375399 0.025210 0.028754
0 0.821128 0.570288 0.028812 0.041534
0 0.908764 0.827476 0.033613 0.047923
0 0.933373 0.030351 0.037215 0.035144
0 0.423770 0.091853 0.036014 0.039936
0 0.609844 0.186901 0.028812 0.044728
0 0.744298 0.480831 0.019208 0.025559
0 0.864346 0.321885 0.031212 0.033546
0 0.782713 0.247604 0.026411 0.035144
0 0.745498 0.063099 0.048019 0.071885
0 0.595438 0.100639 0.033613 0.051118
0 0.543217 0.040735 0.025210 0.043131
0 0.503001 0.061502 0.019208 0.046326
0 0.440576 0.017572 0.031212 0.031949
0 0.190276 0.287540 0.042017 0.047923
0 0.160864 0.349042 0.040816 0.052716
0 0.424970 0.929712 0.031212 0.041534
0 0.513205 0.789137 0.034814 0.041534
0 0.775510 0.544728 0.026411 0.025559
0 0.971188 0.027157 0.021609 0.031949
0 0.045018 0.367412 0.025210 0.028754
0 0.739496 0.567093 0.026411 0.035144
0 0.799520 0.716454 0.028812 0.036741
0 0.705882 0.588658 0.031212 0.052716
0 0.251501 0.420927 0.037215 0.043131
0 0.447179 0.205272 0.025210 0.036741
0 0.781513 0.619010 0.033613 0.039936
0 0.159064 0.032748 0.051621 0.055911
0 0.854742 0.356230 0.021609 0.025559
0 0.866146 0.019169 0.039616 0.035144
0 0.477191 0.059904 0.022809 0.020767
