0 0.099640 0.028754 0.055222 0.054313
0 0.128451 0.178914 0.062425 0.057508
0 0.148259 0.321086 0.051621 0.038339
0 0.144058 0.285942 0.033613 0.028754
0 0.291116 0.221246 0.030012 0.055911
0 0.261705 0.246805 0.028812 0.059105
0 0.263505 0.020767 0.051621 0.038339
0 0.227491 0.071086 0.020408 0.027157
0 0.164466 0.423323 0.067227 0.070288
0 0.072629 0.468051 0.044418 0.044728
0 0.036014 0.441693 0.026411 0.033546
0 0.076831 0.534345 0.026411 0.046326
0 0.105642 0.553514 0.028812 0.049521
0 0.303121 0.384984 0.032413 0.060703
0 0.351741 0.380192 0.031212 0.044728
0 0.128451 0.774760 0.033613 0.054313
0 0.252101 0.931310 0.048019 0.079872
0 0.193277 0.924121 0.038415 0.049521
0 0.119448 0.965655 0.037215 0.046326
0 0.042017 0.774760 0.038415 0.047923
0 0.433373 0.593450 0.052821 0.043131
0 0.658463 0.421725 0.068427 0.076677
0 0.722089 0.664537 0.056423 0.092652
0 0.863145 0.658946 0.048019 0.084665
0 0.518607 0.958466 0.117647 0.083067
0 0.564826 0.907348 0.030012 0.044728
0 0.585234 0.862620 0.044418 0.051118
0 0.409964 0.925719 0.025210 0.052716
0 0.348139 0.869010 0.033613 0.054313
0 0.349940 0.789936 0.030012 0.036741
0 0.387755 0.709265 0.043217 0.051118
0 0.381753 0.655751 0.043217 0.033546
0 0.418367 0.646965 0.034814 0.057508
0 0.303121 0.847444 0.027611 0.046326
0 0.552221 0.602236 0.040816 0.047923
0 0.599640 0.579073 0.032413 0.043131
0 0.436975 0.484026 0.040816 0.044728
0 0.527011 0.309105 0.028812 0.062300
0 0.873349 0.438498 0.039616 0.039936
0 0.974190 0.938498 0.046819 0.071885
0 0.962185 0.837859 0.037215 0.039936
0 0.768908 0.769169 0.034814 0.059105
0 0.812725 0.672524 0.026411 0.038339
0 0.727491 0.562300 0.036014 0.047923
0 0.805522 0.483227 0.043217 0.046326
0 0.822929 0.538339 0.034814 0.051118
0 0.265906 0.559904 0.030012 0.043131
0 0.222089 0.580671 0.031212 0.043131
0 0.216086 0.271565 0.031212 0.035144
0 0.342137 0.106230 0.036014 0.055911
0 0.387755 0.039936 0.028812 0.031949
0 0.518007 0.111821 0.042017 0.057508
0 0.886555 0.131789 0.037215 0.049521
0 0.978391 0.218850 0.040816 0.028754
0 0.759304 0.039936 0.034814 0.051118
0 0.888355 0.380990 0.033613 0.046326
0 0.755702 0.484026 0.030012 0.044728
0 0.828932 0.358626 0.061224 0.078275
0 0.846939 0.186901 0.034814 0.031949
0 0.831933 0.128594 0.031212 0.039936
0 0.447179 0.295527 0.027611 0.035144
0 0.383553 0.156550 0.025210 0.038339
0 0.509004 0.687700 0.048019 0.052716
0 0.533613 0.391374 0.042017 0.083067
0 0.654862 0.048722 0.037215 0.043131
0 0.408163 0.250000 0.038415 0.033546
0 0.123049 0.083866 0.054022 0.039936
0 0.051621 0.339457 0.031212 0.033546
0 0.034214 0.302716 0.022809 0.030351
0 0.961585 0.478435 0.043217 0.049521
0 0.978992 0.361821 0.042017 0.078275
0 0.818127 0.443291 0.037215 0.043131
0 0.764706 0.408946 0.028812 0.051118
0 0.578031 0.182109 0.034814 0.038339
0 0.320528 0.521565 0.038415 0.039936
0 0.390156 0.496006 0.028812 0.039936
0 0.720288 0.250000 0.026411 0.046326
0 0.727491 0.198083 0.031212 0.044728
0 0.695078 0.259585 0.026411 0.039936
0 0.968187 0.111022 0.037215 0.052716
0 0.805522 0.020767 0.036014 0.035144
0 0.717887 0.019968 0.028812 0.036741
0 0.408163 0.452077 0.036014 0.031949
0 0.353541 0.182907 0.025210 0.030351
0 0.108043 0.132588 0.038415 0.031949
0 0.041417 0.122204 0.030012 0.046326
0 0.229292 0.392173 0.016807 0.046326
0 0.557623 0.815495 0.032413 0.039936
0 0.560624 0.770767 0.033613 0.039936
0 0.369148 0.924920 0.032413 0.057508
0 0.604442 0.412939 0.020408 0.017572
0 0.611645 0.368211 0.030012 0.023962
