0 0.746699 0.170927 0.062425 0.067093
0 0.630252 0.321086 0.060024 0.073482
0 0.571429 0.634185 0.076831 0.127796
0 0.698079 0.531150 0.087635 0.107029
0 0.749100 0.613419 0.045618 0.060703
0 0.898559 0.566294 0.058824 0.071885
0 0.085834 0.330671 0.169268 0.246006
0 0.231693 0.186901 0.050420 0.073482
0 0.036014 0.558307 0.048019 0.059105
0 0.962785 0.493610 0.026411 0.038339
0 0.905162 0.483227 0.031212 0.033546
0 0.746098 0.329872 0.039616 0.052716
0 0.828932 0.305112 0.034814 0.047923
0 0.878752 0.282748 0.033613 0.038339
0 0.933974 0.242013 0.024010 0.036741
1 0.806723 0.222045 0.045618 0.051118
0 0.048019 0.023962 0.024010 0.031949
0 0.191477 0.055112 0.034814 0.030351
0 0.500600 0.075879 0.031212 0.036741
1 0.435174 0.506390 0.049220 0.057508
1 0.438175 0.404952 0.048019 0.052716
1 0.503001 0.501597 0.052821 0.044728
1 0.491597 0.542332 0.042017 0.027157
1 0.570828 0.505591 0.049220 0.039936
1 0.435174 0.928115 0.070828 0.076677
1 0.711885 0.900160 0.072029 0.075080
1 0.481993 0.962460 0.046819 0.049521
1 0.555222 0.961661 0.056423 0.038339
1 0.576831 0.965655 0.037215 0.036741
1 0.619448 0.977636 0.040816 0.041534
1 0.930972 0.918530 0.063625 0.079872
1 0.813325 0.782748 0.054022 0.051118
1 0.817527 0.689297 0.055222 0.075080
1 0.972389 0.717252 0.055222 0.083067
1 0.177671 0.794728 0.043217 0.059105
1 0.211885 0.731629 0.042017 0.054313
1 0.142257 0.826677 0.058824 0.046326
1 0.139856 0.953674 0.054022 0.070288
1 0.052821 0.930511 0.038415 0.046326
1 0.014406 0.792332 0.026411 0.089457
1 0.012605 0.057508 0.022809 0.079872
1 0.500000 0.132588 0.066026 0.057508
1 0.459784 0.181310 0.038415 0.049521
1 0.352941 0.192492 0.045618 0.055911
1 0.300720 0.051917 0.037215 0.055911
1 0.665066 0.071086 0.028812 0.043131
1 0.683673 0.039936 0.030012 0.038339
1 0.965786 0.019169 0.068427 0.035144
1 0.975990 0.247604 0.026411 0.038339
1 0.978391 0.369808 0.031212 0.043131
1 0.551020 0.430511 0.048019 0.043131
1 0.729292 0.417732 0.094838 0.119808
1 0.299520 0.551917 0.032413 0.036741
1 0.443577 0.763578 0.037215 0.028754
1 0.437575 0.812300 0.037215 0.030351
1 0.647059 0.793930 0.031212 0.044728
1 0.617647 0.111022 0.070828 0.081470
1 0.543818 0.245208 0.072029 0.087859
