0 0.544418 0.198083 0.082833 0.086262
0 0.616447 0.061502 0.075630 0.103834
0 0.249100 0.365016 0.075630 0.107029
0 0.289316 0.903355 0.069628 0.075080
0 0.445978 0.763578 0.056423 0.092652
0 0.627851 0.496805 0.072029 0.073482
0 0.585234 0.862620 0.080432 0.044728
0 0.245498 0.710064 0.054022 0.084665
0 0.127851 0.770767 0.044418 0.084665
0 0.074430 0.872204 0.038415 0.076677
0 0.060024 0.666933 0.024010 0.039936
0 0.171068 0.351438 0.046819 0.063898
0 0.294118 0.119808 0.040816 0.076677
0 0.401561 0.047125 0.044418 0.052716
1 0.801921 0.124601 0.050420 0.063898
1 0.971188 0.934505 0.057623 0.130990
1 0.828331 0.908946 0.052821 0.105431
1 0.015606 0.226837 0.028812 0.130990
1 0.234094 0.526358 0.048019 0.059105
1 0.400360 0.547923 0.042017 0.060703
0 0.101441 0.173323 0.042017 0.055911
0 0.085834 0.218051 0.039616 0.052716
0 0.130252 0.306709 0.034814 0.051118
0 0.126651 0.361022 0.022809 0.060703
0 0.330132 0.283546 0.050420 0.059105
0 0.421369 0.234824 0.031212 0.054313
0 0.498800 0.287540 0.037215 0.051118
0 0.483193 0.218051 0.044418 0.055911
0 0.356543 0.163738 0.031212 0.059105
1 0.394958 0.185304 0.028812 0.073482
0 0.730492 0.482428 0.054022 0.102236
0 0.027011 0.865016 0.046819 0.071885
