0 0.165066 0.313099 0.106843 0.121406
0 0.078631 0.492013 0.044418 0.083067
0 0.055822 0.621406 0.051621 0.063898
0 0.101441 0.809904 0.068427 0.102236
0 0.025210 0.825080 0.043217 0.036741
0 0.012005 0.866613 0.016807 0.055911
0 0.091236 0.103035 0.043217 0.071885
0 0.022809 0.118211 0.036014 0.054313
0 0.049820 0.017572 0.044418 0.031949
0 0.118848 0.018371 0.040816 0.033546
0 0.373349 0.107827 0.052821 0.071885
0 0.345138 0.278754 0.042017 0.065495
1 0.117647 0.174920 0.036014 0.049521
1 0.223289 0.533546 0.036014 0.041534
1 0.193277 0.682109 0.043217 0.054313
0 0.133854 0.931310 0.061224 0.063898
0 0.303121 0.920927 0.061224 0.091054
0 0.291717 0.703674 0.055222 0.075080
0 0.276110 0.272364 0.028812 0.046326
0 0.377551 0.185304 0.025210 0.051118
0 0.458583 0.071885 0.052821 0.051118
0 0.548019 0.030351 0.058824 0.047923
0 0.543818 0.112620 0.040816 0.052716
0 0.634454 0.142971 0.061224 0.081470
0 0.732893 0.167732 0.039616 0.063898
0 0.683673 0.266773 0.046819 0.067093
0 0.571429 0.629393 0.043217 0.070288
0 0.466987 0.519169 0.060024 0.089457
0 0.878752 0.435304 0.067227 0.135783
0 0.872749 0.531150 0.045618 0.049521
0 0.940576 0.379393 0.061224 0.094249
0 0.976591 0.144569 0.046819 0.075080
0 0.811525 0.181310 0.055222 0.084665
0 0.485594 0.591853 0.061224 0.059105
0 0.513205 0.649361 0.049220 0.068690
0 0.482593 0.736422 0.048019 0.083067
0 0.729892 0.630990 0.036014 0.076677
0 0.408764 0.848243 0.061224 0.111821
0 0.154862 0.497604 0.038415 0.043131
0 0.165066 0.557508 0.030012 0.067093
0 0.554022 0.952077 0.049220 0.054313
1 0.568427 0.809105 0.039616 0.107029
0 0.428571 0.181310 0.021609 0.033546
0 0.445978 0.230032 0.027611 0.041534
0 0.808523 0.384984 0.046819 0.073482
