0 0.129652 0.734824 0.062425 0.089457
0 0.094838 0.833067 0.048019 0.046326
0 0.215486 0.829872 0.066026 0.071885
0 0.205882 0.158147 0.032413 0.044728
0 0.918367 0.842652 0.129652 0.202875
0 0.724490 0.464856 0.061224 0.067093
0 0.239496 0.701278 0.051621 0.047923
0 0.628451 0.960064 0.058824 0.063898
0 0.440576 0.132588 0.031212 0.051118
1 0.287515 0.434505 0.034814 0.060703
1 0.095438 0.446486 0.056423 0.068690
1 0.385354 0.489617 0.098439 0.059105
1 0.624250 0.039137 0.040816 0.036741
1 0.159064 0.071885 0.042017 0.051118
0 0.501200 0.239617 0.051621 0.067093
1 0.092437 0.242013 0.045618 0.043131
1 0.298319 0.194089 0.042017 0.065495
1 0.445378 0.626997 0.038415 0.052716
0 0.242497 0.626997 0.064826 0.084665
0 0.340936 0.374601 0.055222 0.046326
0 0.728091 0.368211 0.049220 0.052716
0 0.875150 0.451278 0.055222 0.046326
1 0.910564 0.148562 0.051621 0.051118
1 0.597839 0.304313 0.055222 0.078275
1 0.153661 0.411342 0.031212 0.065495
1 0.051621 0.059904 0.055222 0.084665
1 0.499400 0.146965 0.036014 0.073482
1 0.288115 0.827476 0.036014 0.092652
0 0.414166 0.051917 0.144058 0.087859
1 0.325330 0.062300 0.048019 0.051118
1 0.457383 0.435304 0.067227 0.062300
1 0.080432 0.515974 0.052821 0.025559
1 0.523409 0.522364 0.048019 0.031949
1 0.510804 0.575080 0.027611 0.038339
0 0.472389 0.850639 0.027611 0.036741
0 0.804322 0.804313 0.043217 0.071885
0 0.711885 0.280351 0.052821 0.062300
0 0.748499 0.023962 0.080432 0.038339
0 0.855942 0.026358 0.062425 0.039936
1 0.120648 0.325879 0.049220 0.041534
0 0.462185 0.272364 0.036014 0.046326
0 0.932173 0.295527 0.054022 0.067093
1 0.869748 0.591054 0.106843 0.086262
