0 0.320528 0.351438 0.038415 0.054313
0 0.301921 0.392971 0.037215 0.038339
0 0.258103 0.438498 0.038415 0.052716
0 0.073229 0.301118 0.043217 0.065495
0 0.066026 0.067093 0.033613 0.063898
0 0.027611 0.074281 0.036014 0.087859
0 0.411164 0.629393 0.046819 0.070288
0 0.139856 0.567891 0.042017 0.043131
0 0.262905 0.642971 0.031212 0.023962
0 0.210684 0.201278 0.054022 0.070288
0 0.223289 0.051917 0.036014 0.030351
0 0.602041 0.039936 0.044418 0.047923
0 0.881753 0.340256 0.056423 0.038339
0 0.463385 0.637380 0.062425 0.060703
0 0.490396 0.377796 0.049220 0.039936
0 0.940576 0.414537 0.032413 0.039936
0 0.971188 0.722843 0.033613 0.055911
0 0.061825 0.580671 0.037215 0.043131
0 0.124250 0.884185 0.034814 0.036741
0 0.283914 0.868211 0.042017 0.049521
0 0.366747 0.827476 0.032413 0.060703
0 0.276110 0.152556 0.050420 0.030351
0 0.277911 0.064696 0.027611 0.033546
0 0.621248 0.266773 0.027611 0.022364
0 0.428571 0.781949 0.028812 0.043131
0 0.983193 0.847444 0.033613 0.068690
0 0.627851 0.382588 0.033613 0.023962
0 0.745498 0.123802 0.031212 0.039936
0 0.145258 0.044728 0.052821 0.073482
0 0.925570 0.589457 0.031212 0.047923
0 0.912965 0.706869 0.022809 0.043131
0 0.716086 0.650160 0.032413 0.038339
0 0.651261 0.719649 0.032413 0.036741
0 0.657263 0.757987 0.025210 0.023962
0 0.907563 0.856230 0.031212 0.035144
0 0.909364 0.957668 0.022809 0.027157
0 0.396158 0.311502 0.040816 0.028754
0 0.566026 0.100639 0.025210 0.022364
0 0.255102 0.300319 0.042017 0.057508
0 0.207683 0.298722 0.040816 0.054313
0 0.827131 0.290735 0.021609 0.028754
0 0.078631 0.819489 0.051621 0.041534
0 0.344538 0.988019 0.031212 0.023962
0 0.766507 0.556709 0.025210 0.036741
0 0.415966 0.246006 0.025210 0.031949
