0 0.139856 0.355431 0.066026 0.084665
0 0.141657 0.507188 0.057623 0.081470
0 0.083433 0.827476 0.075630 0.108626
0 0.149460 0.245208 0.046819 0.065495
0 0.300120 0.178914 0.043217 0.054313
0 0.444178 0.355431 0.048019 0.052716
0 0.259304 0.518371 0.036014 0.043131
0 0.711885 0.452077 0.045618 0.054313
0 0.972989 0.108626 0.044418 0.057508
0 0.674070 0.746006 0.037215 0.057508
0 0.884154 0.646166 0.066026 0.087859
0 0.682473 0.233227 0.030012 0.041534
1 0.384154 0.607029 0.024010 0.035144
0 0.951981 0.771565 0.038415 0.051118
