0 0.493397 0.210064 0.069628 0.103834
0 0.666267 0.161342 0.086435 0.111821
0 0.758103 0.674920 0.049220 0.068690
0 0.937575 0.548722 0.048019 0.075080
0 0.151861 0.484026 0.049220 0.063898
0 0.138055 0.733227 0.038415 0.063898
0 0.124850 0.861821 0.060024 0.071885
0 0.211885 0.500799 0.039616 0.049521
0 0.771309 0.495208 0.037215 0.047923
1 0.788715 0.265176 0.052821 0.063898
1 0.304322 0.499201 0.044418 0.049521
1 0.328932 0.562300 0.048019 0.067093
1 0.201080 0.956070 0.039616 0.068690
1 0.129052 0.965655 0.042017 0.046326
1 0.056423 0.865815 0.040816 0.063898
1 0.356543 0.746805 0.040816 0.087859
1 0.696879 0.956070 0.061224 0.087859
1 0.566627 0.868211 0.052821 0.087859
1 0.410564 0.904952 0.050420 0.075080
0 0.893758 0.863419 0.056423 0.081470
0 0.816327 0.847444 0.048019 0.055911
0 0.932773 0.114217 0.026411 0.036741
0 0.865546 0.270767 0.040816 0.087859
0 0.648259 0.787540 0.040816 0.070288
0 0.853541 0.951278 0.033613 0.062300
1 0.249100 0.213259 0.037215 0.052716
1 0.223890 0.354633 0.049220 0.063898
1 0.418367 0.325879 0.025210 0.047923
1 0.444778 0.426518 0.051621 0.067093
1 0.555822 0.515974 0.050420 0.031949
1 0.512005 0.642173 0.032413 0.099042
1 0.480192 0.834665 0.038415 0.049521
1 0.575630 0.348243 0.030012 0.047923
1 0.094238 0.129393 0.068427 0.102236
1 0.021609 0.403355 0.040816 0.078275
0 0.217887 0.061502 0.054022 0.062300
0 0.969388 0.142173 0.030012 0.051118
1 0.628451 0.694089 0.058824 0.062300
0 0.954982 0.756390 0.066026 0.062300
0 0.758103 0.583866 0.044418 0.059105
0 0.271309 0.959265 0.036014 0.055911
0 0.144658 0.579073 0.039616 0.039936
0 0.815126 0.490415 0.036014 0.044728
0 0.863145 0.521565 0.028812 0.049521
1 0.627251 0.551917 0.046819 0.078275
1 0.510804 0.889776 0.039616 0.060703
