1 0.764106 0.385783 0.056423 0.078275
1 0.844538 0.043131 0.104442 0.070288
1 0.118848 0.827476 0.045618 0.060703
1 0.076230 0.892173 0.070828 0.078275
1 0.094238 0.570288 0.082833 0.099042
1 0.121849 0.298722 0.056423 0.057508
1 0.292917 0.801118 0.057623 0.084665
0 0.469388 0.136581 0.067227 0.068690
0 0.061224 0.148562 0.052821 0.092652
0 0.571429 0.822684 0.084034 0.083067
1 0.693277 0.678115 0.080432 0.075080
1 0.814526 0.703674 0.037215 0.062300
1 0.919568 0.192492 0.052821 0.055911
1 0.234694 0.936901 0.039616 0.068690
1 0.442377 0.397764 0.078031 0.083067
1 0.376351 0.831470 0.056423 0.075080
1 0.301321 0.898562 0.043217 0.071885
1 0.644058 0.136581 0.061224 0.094249
1 0.496399 0.619808 0.070828 0.089457
0 0.859544 0.973642 0.079232 0.052716
1 0.412365 0.545527 0.022809 0.039936
1 0.271909 0.427316 0.046819 0.055911
1 0.756903 0.460064 0.056423 0.060703
1 0.677671 0.536741 0.034814 0.063898
1 0.969388 0.571086 0.042017 0.071885
1 0.533613 0.294728 0.032413 0.059105
1 0.100240 0.966454 0.042017 0.047923
