0 0.690276 0.714058 0.312125 0.386581
0 0.246098 0.750799 0.052821 0.073482
0 0.487395 0.548722 0.043217 0.071885
0 0.710084 0.917732 0.037215 0.049521
1 0.086435 0.198083 0.103241 0.140575
1 0.040216 0.793930 0.034814 0.051118
1 0.223890 0.566294 0.058824 0.071885
1 0.450180 0.486422 0.091236 0.087859
1 0.406963 0.548722 0.050420 0.071885
1 0.593037 0.231629 0.036014 0.047923
1 0.440576 0.737220 0.060024 0.113419
1 0.414766 0.856230 0.046819 0.051118
1 0.853541 0.452077 0.098439 0.079872
1 0.415366 0.035942 0.055222 0.062300
