0 0.052221 0.825080 0.102041 0.190096
0 0.334334 0.912141 0.116447 0.130990
0 0.559424 0.520767 0.043217 0.047923
0 0.356543 0.559904 0.050420 0.062300
0 0.384154 0.642971 0.050420 0.062300
0 0.403361 0.219649 0.024010 0.027157
1 0.471188 0.241214 0.039616 0.057508
0 0.548019 0.178115 0.027611 0.030351
0 0.640456 0.027955 0.034814 0.039936
0 0.691477 0.057508 0.040816 0.051118
0 0.735294 0.087859 0.027611 0.041534
0 0.698679 0.157348 0.033613 0.039936
0 0.772509 0.202077 0.032413 0.030351
0 0.803721 0.230831 0.013205 0.030351
0 0.861945 0.472843 0.038415 0.047923
0 0.858944 0.400160 0.034814 0.030351
0 0.612245 0.571885 0.050420 0.073482
0 0.609844 0.518371 0.038415 0.039936
0 0.601441 0.413738 0.040816 0.067093
0 0.599640 0.339457 0.022809 0.052716
0 0.584034 0.287540 0.020408 0.028754
0 0.633253 0.273962 0.037215 0.036741
0 0.516206 0.442492 0.033613 0.044728
0 0.417167 0.486422 0.030012 0.059105
0 0.049820 0.633387 0.025210 0.039936
0 0.043818 0.710064 0.042017 0.043131
0 0.083433 0.650160 0.042017 0.057508
0 0.028812 0.447284 0.040816 0.041534
0 0.031813 0.301118 0.039616 0.046326
0 0.174670 0.071086 0.044418 0.043131
0 0.251501 0.053514 0.032413 0.039936
0 0.363745 0.037540 0.031212 0.039936
0 0.277911 0.133387 0.032413 0.030351
0 0.184874 0.279553 0.033613 0.044728
0 0.170468 0.333067 0.038415 0.033546
0 0.175870 0.382588 0.027611 0.036741
0 0.174670 0.432907 0.034814 0.028754
1 0.268908 0.409744 0.036014 0.046326
1 0.268908 0.348243 0.043217 0.041534
0 0.183673 0.689297 0.026411 0.039936
0 0.171068 0.604633 0.051621 0.049521
0 0.113445 0.905751 0.049220 0.086262
0 0.438776 0.952077 0.049220 0.044728
1 0.731092 0.954473 0.050420 0.065495
1 0.842737 0.920128 0.045618 0.079872
1 0.918367 0.927316 0.060024 0.071885
0 0.653661 0.622204 0.039616 0.049521
0 0.512605 0.715655 0.045618 0.031949
0 0.415966 0.710863 0.032413 0.031949
0 0.380552 0.706070 0.028812 0.035144
0 0.257503 0.657348 0.039616 0.049521
0 0.205282 0.807508 0.038415 0.049521
0 0.130252 0.786741 0.032413 0.055911
0 0.755702 0.722045 0.039616 0.063898
0 0.694478 0.381789 0.046819 0.044728
0 0.739496 0.313099 0.033613 0.041534
0 0.898559 0.186102 0.032413 0.039936
0 0.908764 0.138179 0.043217 0.033546
0 0.941176 0.019968 0.028812 0.036741
0 0.575030 0.086262 0.036014 0.044728
0 0.609844 0.148562 0.028812 0.028754
0 0.528211 0.338658 0.028812 0.041534
0 0.561825 0.349840 0.021609 0.041534
1 0.321729 0.280351 0.062425 0.071885
0 0.537215 0.745208 0.051621 0.052716
0 0.442377 0.828275 0.049220 0.059105
0 0.205882 0.242812 0.037215 0.031949
0 0.229892 0.305112 0.027611 0.044728
0 0.818727 0.731629 0.026411 0.031949
0 0.801921 0.531949 0.043217 0.057508
0 0.811525 0.904952 0.031212 0.043131
1 0.823529 0.974441 0.038415 0.035144
1 0.355342 0.351438 0.026411 0.054313
1 0.384154 0.317093 0.031212 0.030351
1 0.405162 0.259585 0.058824 0.046326
0 0.070228 0.158147 0.034814 0.031949
0 0.047419 0.186102 0.034814 0.043131
0 0.675870 0.528754 0.033613 0.035144
0 0.720288 0.558307 0.043217 0.055911
0 0.729892 0.820288 0.033613 0.046326
0 0.453782 0.479233 0.026411 0.022364
0 0.481393 0.983227 0.024010 0.027157
1 0.823529 0.297923 0.048019 0.052716
1 0.898559 0.232428 0.032413 0.052716
