0 0.438776 0.558307 0.087635 0.103834
0 0.406363 0.293131 0.044418 0.062300
0 0.619448 0.302716 0.036014 0.049521
0 0.665066 0.360224 0.043217 0.049521
0 0.862545 0.460064 0.070828 0.083067
0 0.828331 0.797923 0.079232 0.103834
0 0.859544 0.794728 0.031212 0.039936
0 0.458583 0.818690 0.067227 0.071885
0 0.295318 0.845847 0.038415 0.059105
0 0.118848 0.973642 0.067227 0.052716
0 0.048019 0.953674 0.062425 0.057508
0 0.048619 0.840256 0.046819 0.051118
0 0.043217 0.740415 0.043217 0.043131
0 0.097839 0.511981 0.049220 0.075080
0 0.674670 0.072684 0.036014 0.046326
0 0.603241 0.043930 0.030012 0.049521
0 0.333133 0.052716 0.022809 0.038339
0 0.264706 0.211661 0.044418 0.052716
0 0.218487 0.162141 0.024010 0.046326
0 0.115846 0.062300 0.025210 0.038339
0 0.025210 0.107827 0.048019 0.084665
0 0.066627 0.075879 0.025210 0.039936
0 0.228691 0.024760 0.025210 0.033546
0 0.225090 0.055911 0.032413 0.022364
0 0.349940 0.468850 0.025210 0.043131
0 0.300120 0.577476 0.026411 0.036741
0 0.159064 0.777955 0.030012 0.047923
0 0.190276 0.769968 0.027611 0.035144
0 0.190276 0.837859 0.034814 0.046326
0 0.119448 0.878594 0.025210 0.054313
0 0.599640 0.178914 0.032413 0.041534
0 0.578631 0.152556 0.024010 0.033546
0 0.519808 0.165335 0.026411 0.033546
0 0.987995 0.239617 0.024010 0.054313
0 0.924970 0.317891 0.049220 0.060703
0 0.178872 0.083866 0.026411 0.033546
0 0.512005 0.935304 0.030012 0.039936
0 0.545618 0.969649 0.022809 0.022364
0 0.488595 0.987220 0.033613 0.025559
0 0.231092 0.871406 0.020408 0.039936
0 0.797119 0.019169 0.028812 0.035144
0 0.834334 0.020767 0.021609 0.031949
0 0.449580 0.077476 0.027611 0.039936
0 0.528211 0.579872 0.038415 0.060703
0 0.628451 0.555911 0.030012 0.035144
0 0.602641 0.479233 0.028812 0.044728
0 0.782113 0.536741 0.022809 0.031949
0 0.609844 0.645367 0.048019 0.070288
0 0.782713 0.470447 0.031212 0.046326
1 0.466987 0.321086 0.028812 0.054313
1 0.726291 0.292332 0.028812 0.041534
1 0.761104 0.255591 0.019208 0.025559
1 0.797119 0.282748 0.021609 0.038339
1 0.807323 0.119010 0.022809 0.030351
1 0.972989 0.075080 0.049220 0.044728
1 0.988595 0.880192 0.022809 0.054313
1 0.741897 0.714058 0.026411 0.035144
1 0.773709 0.812300 0.034814 0.062300
1 0.651861 0.932109 0.038415 0.055911
