0 0.381152 0.341853 0.102041 0.111821
0 0.470588 0.236422 0.067227 0.115016
0 0.542017 0.527157 0.102041 0.175719
0 0.602041 0.642971 0.087635 0.097444
0 0.686675 0.666933 0.043217 0.055911
0 0.849340 0.882588 0.044418 0.078275
0 0.885954 0.849840 0.024010 0.047923
0 0.719688 0.789936 0.042017 0.049521
0 0.879352 0.150160 0.058824 0.099042
0 0.752101 0.249201 0.032413 0.060703
0 0.861945 0.339457 0.026411 0.046326
0 0.139256 0.115815 0.086435 0.100639
0 0.252101 0.306709 0.055222 0.070288
0 0.312125 0.299521 0.026411 0.039936
0 0.315126 0.333067 0.030012 0.033546
0 0.437575 0.515974 0.034814 0.051118
0 0.528812 0.422524 0.034814 0.062300
0 0.657263 0.339457 0.039616 0.046326
0 0.756903 0.323482 0.020408 0.036741
0 0.727491 0.333067 0.021609 0.043131
0 0.657263 0.019169 0.042017 0.035144
0 0.446579 0.017572 0.028812 0.031949
0 0.473589 0.105431 0.025210 0.038339
0 0.505402 0.115815 0.031212 0.052716
0 0.544418 0.134185 0.030012 0.051118
0 0.238896 0.248403 0.033613 0.039936
0 0.452581 0.732428 0.043217 0.059105
0 0.483794 0.801118 0.036014 0.055911
0 0.459184 0.827476 0.032413 0.038339
0 0.471789 0.885783 0.016807 0.046326
0 0.273709 0.725240 0.031212 0.035144
0 0.128451 0.884185 0.031212 0.052716
0 0.655462 0.868211 0.031212 0.036741
0 0.606242 0.754792 0.024010 0.030351
0 0.340336 0.489617 0.030012 0.055911
0 0.391357 0.427316 0.043217 0.036741
0 0.421969 0.463259 0.022809 0.028754
0 0.558824 0.939297 0.039616 0.054313
0 0.792317 0.624601 0.043217 0.057508
0 0.807323 0.303514 0.032413 0.038339
0 0.644658 0.210863 0.031212 0.038339
0 0.298920 0.115016 0.048019 0.057508
0 0.575030 0.085463 0.028812 0.030351
0 0.767707 0.039936 0.020408 0.041534
0 0.533013 0.043131 0.024010 0.031949
0 0.490996 0.031150 0.028812 0.033546
0 0.560024 0.230831 0.027611 0.036741
0 0.530012 0.280351 0.054022 0.100639
0 0.767107 0.383387 0.026411 0.035144
0 0.800120 0.836262 0.015606 0.043131
0 0.596038 0.866613 0.044418 0.043131
0 0.545618 0.762780 0.022809 0.027157
0 0.334334 0.884984 0.030012 0.031949
0 0.244298 0.934505 0.027611 0.047923
0 0.203481 0.411342 0.032413 0.049521
0 0.240096 0.524760 0.024010 0.036741
0 0.183673 0.305911 0.026411 0.020767
0 0.774910 0.753195 0.022809 0.039936
0 0.827731 0.789936 0.032413 0.033546
0 0.972389 0.735623 0.021609 0.030351
0 0.909964 0.775559 0.012005 0.033546
0 0.045618 0.615815 0.031212 0.030351
0 0.898559 0.562300 0.015606 0.038339
0 0.881152 0.586262 0.016807 0.025559
0 0.410564 0.630990 0.031212 0.047923
0 0.365546 0.652556 0.025210 0.033546
0 0.638655 0.717252 0.021609 0.035144
0 0.771309 0.714856 0.022809 0.027157
0 0.825330 0.358626 0.015606 0.027157
0 0.548019 0.979233 0.051621 0.041534
0 0.723890 0.164537 0.033613 0.035144
0 0.284514 0.031949 0.033613 0.041534
0 0.643457 0.165335 0.026411 0.030351
0 0.294718 0.762780 0.018007 0.033546
0 0.113445 0.956869 0.020408 0.041534
0 0.113445 0.282748 0.020408 0.028754
0 0.696879 0.492812 0.025210 0.039936
0 0.207083 0.227636 0.020408 0.030351
0 0.123649 0.180511 0.021609 0.031949
0 0.655462 0.116613 0.031212 0.035144
0 0.611645 0.179712 0.025210 0.033546
0 0.851741 0.209265 0.020408 0.041534
0 0.794118 0.227636 0.022809 0.023962
0 0.282113 0.557508 0.062425 0.159744
