0 0.271309 0.908147 0.033613 0.043131
0 0.340936 0.912141 0.031212 0.044728
0 0.390756 0.457668 0.039616 0.046326
0 0.207083 0.624601 0.032413 0.041534
0 0.817527 0.930511 0.024010 0.043131
0 0.568427 0.615016 0.037215 0.047923
0 0.238295 0.841054 0.027611 0.039936
0 0.417767 0.859425 0.036014 0.047923
1 0.815726 0.481629 0.058824 0.084665
0 0.018607 0.413738 0.027611 0.038339
1 0.519808 0.205272 0.033613 0.043131
0 0.090036 0.576677 0.045618 0.044728
0 0.504202 0.947284 0.064826 0.086262
0 0.973589 0.069489 0.038415 0.052716
0 0.336134 0.282748 0.060024 0.076677
1 0.171068 0.073482 0.027611 0.028754
0 0.126651 0.921725 0.032413 0.041534
