0 0.167467 0.234824 0.106843 0.115016
0 0.824130 0.327476 0.068427 0.124601
0 0.373950 0.662141 0.109244 0.100639
0 0.169868 0.757188 0.054022 0.099042
0 0.582833 0.921725 0.066026 0.105431
0 0.659064 0.659744 0.127251 0.143770
0 0.614046 0.176518 0.037215 0.039936
0 0.300720 0.387380 0.044418 0.059105
0 0.382353 0.086262 0.042017 0.060703
1 0.034814 0.125399 0.052821 0.078275
0 0.944778 0.162939 0.048019 0.054313
0 0.852941 0.635783 0.078031 0.073482
0 0.834934 0.948083 0.085234 0.103834
0 0.414166 0.807508 0.055222 0.059105
0 0.363145 0.734824 0.030012 0.038339
0 0.103842 0.634185 0.051621 0.076677
0 0.975990 0.376997 0.045618 0.089457
0 0.978992 0.279553 0.042017 0.067093
0 0.840936 0.206070 0.058824 0.067093
0 0.502401 0.027955 0.056423 0.046326
0 0.617047 0.027955 0.067227 0.052716
1 0.321729 0.300319 0.036014 0.051118
1 0.196279 0.321885 0.034814 0.049521
1 0.128451 0.495208 0.028812 0.057508
1 0.049820 0.791534 0.054022 0.075080
0 0.267107 0.552716 0.039616 0.051118
1 0.928571 0.515176 0.066026 0.081470
0 0.410564 0.581470 0.048019 0.067093
0 0.346339 0.218850 0.034814 0.051118
0 0.189676 0.102236 0.031212 0.057508
1 0.505402 0.090256 0.033613 0.046326
0 0.945978 0.035144 0.031212 0.054313
