0 0.208283 0.611821 0.082833 0.079872
0 0.114646 0.874601 0.087635 0.078275
1 0.072029 0.517572 0.043217 0.057508
1 0.167467 0.261981 0.046819 0.067093
1 0.283914 0.848243 0.051621 0.063898
1 0.243697 0.942492 0.062425 0.054313
1 0.607443 0.364217 0.069628 0.047923
1 0.342737 0.043930 0.070828 0.052716
1 0.402761 0.966454 0.058824 0.067093
0 0.960384 0.759585 0.074430 0.059105
0 0.328932 0.685304 0.045618 0.057508
0 0.147659 0.419329 0.033613 0.046326
0 0.629052 0.712460 0.040816 0.051118
0 0.279712 0.358626 0.052821 0.049521
1 0.074430 0.945687 0.057623 0.076677
0 0.344538 0.504792 0.036014 0.044728
1 0.951981 0.218051 0.060024 0.062300
1 0.336735 0.261182 0.030012 0.039936
1 0.288115 0.175719 0.057623 0.047923
1 0.081633 0.203674 0.055222 0.071885
1 0.512005 0.170927 0.037215 0.051118
1 0.557623 0.937700 0.039616 0.054313
0 0.033013 0.748403 0.034814 0.039936
1 0.790516 0.456070 0.051621 0.055911
1 0.222689 0.841853 0.056423 0.051118
0 0.663866 0.634984 0.048019 0.052716
1 0.427371 0.134984 0.052821 0.068690
