0 0.156663 0.607827 0.037215 0.043131
0 0.255102 0.906550 0.056423 0.081470
0 0.395558 0.842652 0.051621 0.065495
0 0.378752 0.908147 0.056423 0.075080
0 0.578031 0.845048 0.051621 0.063898
0 0.647059 0.586262 0.069628 0.089457
0 0.643457 0.967252 0.055222 0.052716
0 0.933373 0.968051 0.058824 0.063898
0 0.699880 0.040735 0.055222 0.078275
0 0.600840 0.155751 0.066026 0.107029
0 0.465186 0.728435 0.118848 0.175719
0 0.620648 0.728435 0.120048 0.130990
1 0.093037 0.230032 0.070828 0.076677
1 0.265306 0.095847 0.043217 0.047923
1 0.500000 0.038339 0.044418 0.063898
1 0.789316 0.140575 0.058824 0.083067
1 0.976591 0.142971 0.046819 0.081470
1 0.932773 0.029553 0.038415 0.046326
1 0.828932 0.740415 0.049220 0.065495
1 0.797119 0.525559 0.043217 0.054313
1 0.849340 0.257188 0.037215 0.060703
1 0.971789 0.405751 0.056423 0.073482
1 0.968187 0.475240 0.027611 0.043131
0 0.205282 0.309904 0.031212 0.044728
0 0.034814 0.661342 0.040816 0.057508
0 0.037215 0.918530 0.048019 0.073482
0 0.354742 0.686901 0.034814 0.057508
0 0.744298 0.353834 0.031212 0.046326
