0 0.030012 0.205272 0.057623 0.116613
0 0.231092 0.055112 0.056423 0.059105
0 0.478391 0.261981 0.061224 0.083067
0 0.361945 0.357029 0.066026 0.084665
0 0.334934 0.435304 0.057623 0.068690
0 0.234694 0.636581 0.080432 0.119808
0 0.338535 0.622204 0.036014 0.049521
0 0.135654 0.376198 0.036014 0.046326
0 0.391957 0.039936 0.078031 0.076677
0 0.693878 0.084665 0.033613 0.060703
0 0.721489 0.057508 0.038415 0.041534
1 0.809724 0.276358 0.061224 0.089457
1 0.908764 0.642173 0.052821 0.067093
1 0.840336 0.796326 0.043217 0.062300
1 0.608643 0.836262 0.038415 0.046326
1 0.642257 0.943291 0.060024 0.068690
1 0.458583 0.778754 0.026411 0.036741
1 0.451981 0.697284 0.030012 0.036741
1 0.414766 0.546326 0.030012 0.047923
1 0.234094 0.517572 0.028812 0.038339
1 0.505402 0.438498 0.040816 0.049521
1 0.587035 0.437700 0.055222 0.067093
0 0.150660 0.944888 0.082833 0.110224
0 0.217287 0.947284 0.050420 0.076677
0 0.294718 0.981629 0.066026 0.036741
0 0.750300 0.964856 0.036014 0.041534
0 0.954382 0.653355 0.045618 0.089457
0 0.960984 0.273962 0.042017 0.065495
0 0.852341 0.024760 0.033613 0.046326
1 0.549220 0.615016 0.063625 0.086262
3 0.617647 0.690895 0.044418 0.059105
