0 0.451381 0.789936 0.040816 0.065495
1 0.448379 0.200479 0.046819 0.068690
0 0.294718 0.876997 0.044418 0.060703
0 0.912965 0.683706 0.042017 0.063898
0 0.612845 0.654952 0.080432 0.076677
0 0.678271 0.814696 0.043217 0.073482
1 0.755102 0.702875 0.057623 0.051118
0 0.834334 0.825080 0.036014 0.062300
1 0.552821 0.037540 0.056423 0.059105
1 0.343938 0.310703 0.078031 0.071885
0 0.839736 0.440895 0.046819 0.038339
1 0.076230 0.559105 0.049220 0.076677
1 0.279712 0.965655 0.069628 0.068690
0 0.690276 0.051917 0.072029 0.046326
1 0.696879 0.650160 0.044418 0.060703
0 0.347539 0.980831 0.046819 0.038339
1 0.556423 0.228435 0.058824 0.070288
1 0.619448 0.743610 0.036014 0.055911
1 0.848139 0.375399 0.042017 0.060703
1 0.905162 0.391374 0.045618 0.079872
1 0.958583 0.401757 0.044418 0.055911
1 0.168067 0.103834 0.057623 0.063898
1 0.251501 0.806709 0.051621 0.057508
1 0.910564 0.857029 0.044418 0.091054
1 0.638055 0.441693 0.054022 0.049521
1 0.594838 0.527955 0.080432 0.052716
1 0.819928 0.950479 0.040816 0.063898
1 0.537815 0.912939 0.038415 0.065495
0 0.110444 0.389776 0.036014 0.031949
0 0.844538 0.123802 0.032413 0.049521
1 0.427971 0.325080 0.030012 0.043131
1 0.031813 0.019968 0.056423 0.036741
0 0.825330 0.624601 0.051621 0.063898
0 0.662665 0.128594 0.055222 0.052716
0 0.544418 0.148562 0.058824 0.057508
0 0.750900 0.880990 0.046819 0.062300
1 0.953782 0.751597 0.049220 0.065495
0 0.867947 0.968051 0.038415 0.051118
0 0.983193 0.913738 0.033613 0.044728
1 0.405162 0.748403 0.034814 0.046326
1 0.501200 0.979233 0.030012 0.041534
1 0.659064 0.883387 0.043217 0.057508
1 0.636855 0.194089 0.058824 0.078275
0 0.784514 0.970447 0.030012 0.039936
0 0.719088 0.183706 0.055222 0.073482
1 0.304322 0.687700 0.042017 0.055911
