0 0.438776 0.105431 0.087635 0.108626
0 0.367347 0.791534 0.069628 0.087859
0 0.432173 0.408147 0.141657 0.186901
0 0.948980 0.953674 0.090036 0.092652
0 0.982593 0.863419 0.034814 0.055911
0 0.932773 0.761981 0.036014 0.057508
0 0.618247 0.771565 0.038415 0.047923
0 0.445378 0.734824 0.033613 0.038339
0 0.376351 0.404952 0.034814 0.039936
0 0.800120 0.209265 0.025210 0.044728
0 0.711285 0.069489 0.054022 0.078275
0 0.729292 0.662939 0.217287 0.281150
1 0.716687 0.169329 0.028812 0.044728
1 0.759904 0.183706 0.028812 0.038339
1 0.581032 0.206070 0.031212 0.035144
1 0.498199 0.253994 0.040816 0.044728
1 0.462785 0.273163 0.044418 0.047923
1 0.629652 0.329073 0.046819 0.060703
1 0.598439 0.265176 0.044418 0.054313
1 0.538415 0.405751 0.044418 0.054313
1 0.535414 0.341853 0.043217 0.047923
1 0.640456 0.416933 0.061224 0.070288
1 0.772509 0.496805 0.046819 0.063898
1 0.846339 0.445687 0.045618 0.041534
1 0.884154 0.380990 0.049220 0.059105
1 0.803121 0.361022 0.057623 0.054313
1 0.758703 0.321885 0.028812 0.036741
1 0.764706 0.858626 0.036014 0.039936
1 0.698679 0.855431 0.031212 0.039936
1 0.812125 0.975240 0.051621 0.049521
1 0.507203 0.837061 0.049220 0.051118
1 0.391957 0.874601 0.037215 0.039936
1 0.348739 0.853834 0.044418 0.046326
1 0.192077 0.849840 0.043217 0.041534
1 0.251501 0.711661 0.056423 0.071885
1 0.286315 0.689297 0.042017 0.065495
1 0.050420 0.597444 0.036014 0.051118
1 0.036014 0.813898 0.055222 0.052716
1 0.070828 0.868211 0.055222 0.049521
1 0.088235 0.952077 0.044418 0.041534
1 0.283313 0.869010 0.028812 0.038339
1 0.090036 0.380990 0.026411 0.030351
1 0.199880 0.370607 0.025210 0.041534
1 0.248499 0.395367 0.050420 0.049521
1 0.051621 0.260383 0.024010 0.031949
1 0.093637 0.212460 0.016807 0.028754
1 0.138055 0.190096 0.033613 0.041534
1 0.357743 0.153355 0.074430 0.086262
1 0.281513 0.158946 0.049220 0.043131
1 0.286915 0.097444 0.024010 0.031949
1 0.306723 0.067093 0.034814 0.031949
1 0.267707 0.051118 0.024010 0.041534
1 0.946579 0.580671 0.044418 0.049521
1 0.906363 0.829872 0.031212 0.046326
1 0.030012 0.110224 0.031212 0.057508
1 0.118247 0.029553 0.042017 0.052716
1 0.397359 0.713259 0.038415 0.049521
1 0.361345 0.572684 0.040816 0.052716
1 0.304322 0.535942 0.044418 0.049521
1 0.247299 0.478435 0.048019 0.049521
1 0.158463 0.474441 0.043217 0.044728
1 0.086435 0.540735 0.052821 0.046326
1 0.157263 0.801118 0.052821 0.039936
1 0.495198 0.655751 0.042017 0.059105
1 0.486795 0.474441 0.034814 0.038339
1 0.476591 0.513578 0.043217 0.039936
1 0.721489 0.357029 0.040816 0.052716
1 0.909964 0.149361 0.038415 0.039936
1 0.977791 0.037540 0.044418 0.046326
1 0.965186 0.138179 0.026411 0.043131
1 0.972989 0.432907 0.037215 0.060703
1 0.260504 0.237220 0.031212 0.043131
