0 0.205882 0.329073 0.056423 0.076677
0 0.628451 0.314696 0.034814 0.044728
0 0.298920 0.813099 0.031212 0.047923
0 0.596639 0.719649 0.040816 0.055911
0 0.054622 0.638179 0.032413 0.039936
0 0.433974 0.324281 0.042017 0.047923
0 0.687875 0.290735 0.033613 0.044728
0 0.166867 0.928115 0.038415 0.054313
0 0.608043 0.623003 0.027611 0.031949
1 0.456182 0.147764 0.028812 0.043131
0 0.866146 0.444888 0.027611 0.039936
0 0.344538 0.926518 0.028812 0.038339
0 0.794718 0.739617 0.028812 0.041534
1 0.504202 0.591054 0.026411 0.041534
0 0.564826 0.106230 0.032413 0.049521
1 0.152461 0.202077 0.028812 0.043131
