0 0.069628 0.551118 0.127251 0.309904
0 0.167467 0.162939 0.073229 0.095847
0 0.384154 0.039936 0.086435 0.044728
0 0.388355 0.109425 0.051621 0.046326
1 0.467587 0.118211 0.056423 0.076677
1 0.365546 0.798722 0.085234 0.102236
1 0.686675 0.408946 0.062425 0.079872
1 0.516807 0.253994 0.061224 0.079872
1 0.337935 0.474441 0.051621 0.070288
1 0.394958 0.526358 0.067227 0.059105
1 0.678872 0.651757 0.063625 0.099042
1 0.620048 0.944888 0.063625 0.100639
0 0.519208 0.882588 0.049220 0.059105
0 0.907563 0.717252 0.088836 0.076677
0 0.896759 0.827476 0.043217 0.057508
0 0.466987 0.480032 0.043217 0.055911
1 0.779112 0.520767 0.064826 0.083067
0 0.842137 0.111022 0.042017 0.059105
1 0.716687 0.171725 0.040816 0.052716
0 0.587635 0.045527 0.073229 0.081470
0 0.980792 0.734824 0.038415 0.079872
0 0.862545 0.971246 0.037215 0.057508
0 0.831933 0.554313 0.050420 0.073482
1 0.540816 0.543131 0.049220 0.060703
0 0.187275 0.473642 0.045618 0.052716
0 0.082833 0.238019 0.040816 0.067093
1 0.073830 0.147764 0.068427 0.027157
1 0.925570 0.259585 0.060024 0.123003
1 0.917767 0.075080 0.061224 0.108626
1 0.836735 0.668530 0.052821 0.142173
0 0.779712 0.202875 0.044418 0.083067
0 0.169268 0.068690 0.062425 0.035144
1 0.742497 0.098243 0.063625 0.062300
0 0.954982 0.644569 0.046819 0.052716
1 0.863745 0.492013 0.034814 0.041534
1 0.902161 0.480831 0.042017 0.060703
1 0.159664 0.275559 0.045618 0.046326
0 0.635654 0.812300 0.039616 0.055911
0 0.885354 0.533546 0.032413 0.041534
