1 0.394958 0.162141 0.076831 0.094249
1 0.360744 0.121406 0.037215 0.051118
1 0.598439 0.077476 0.068427 0.068690
1 0.585234 0.209265 0.030012 0.060703
1 0.676471 0.179712 0.044418 0.043131
1 0.864346 0.428914 0.060024 0.087859
1 0.957983 0.566294 0.048019 0.065495
1 0.829532 0.587061 0.019208 0.036741
1 0.269508 0.672524 0.070828 0.092652
1 0.235894 0.603035 0.027611 0.039936
1 0.177671 0.661342 0.052821 0.060703
1 0.160864 0.603035 0.026411 0.039936
1 0.196879 0.582268 0.045618 0.043131
1 0.112845 0.578275 0.033613 0.028754
1 0.081032 0.602236 0.032413 0.041534
1 0.019208 0.654153 0.036014 0.055911
1 0.139856 0.412141 0.044418 0.054313
1 0.038415 0.404952 0.033613 0.046326
1 0.042017 0.249201 0.050420 0.060703
1 0.045618 0.040735 0.052821 0.062300
1 0.013806 0.819489 0.025210 0.044728
0 0.830732 0.846645 0.057623 0.079872
0 0.681273 0.927316 0.049220 0.043131
0 0.639256 0.944089 0.039616 0.054313
0 0.249700 0.976038 0.060024 0.047923
0 0.090036 0.833067 0.067227 0.087859
0 0.531212 0.577476 0.054022 0.043131
0 0.551621 0.642971 0.046819 0.049521
0 0.799520 0.607827 0.036014 0.055911
0 0.878752 0.311502 0.067227 0.095847
0 0.142257 0.186102 0.039616 0.030351
1 0.138055 0.307508 0.057623 0.071885
0 0.062425 0.160543 0.026411 0.023962
1 0.336134 0.229233 0.036014 0.039936
1 0.320528 0.258786 0.031212 0.041534
1 0.578031 0.158147 0.022809 0.038339
1 0.732893 0.050319 0.025210 0.039936
1 0.698079 0.103834 0.030012 0.041534
1 0.777311 0.091054 0.034814 0.047923
1 0.434574 0.389776 0.043217 0.054313
1 0.587035 0.406550 0.028812 0.036741
1 0.588235 0.481629 0.026411 0.033546
1 0.609844 0.591853 0.031212 0.039936
1 0.752701 0.452077 0.028812 0.057508
1 0.791717 0.490415 0.037215 0.035144
1 0.585234 0.860224 0.039616 0.046326
1 0.541417 0.742013 0.031212 0.059105
1 0.224490 0.899361 0.038415 0.041534
1 0.260504 0.095847 0.036014 0.035144
1 0.249100 0.174920 0.030012 0.046326
1 0.303721 0.572684 0.033613 0.043131
1 0.341537 0.529553 0.044418 0.071885
0 0.457983 0.794728 0.025210 0.036741
0 0.487395 0.817891 0.024010 0.035144
0 0.453181 0.849042 0.032413 0.023962
0 0.435774 0.888179 0.028812 0.041534
0 0.367947 0.874601 0.025210 0.023962
0 0.483794 0.980831 0.026411 0.031949
0 0.863145 0.648562 0.019208 0.031949
0 0.982593 0.739617 0.022809 0.028754
0 0.895558 0.764377 0.040816 0.055911
0 0.956182 0.821885 0.018007 0.030351
0 0.868547 0.932109 0.022809 0.033546
