0 0.645858 0.228435 0.117647 0.146965
0 0.743697 0.285144 0.046819 0.084665
0 0.297719 0.496006 0.062425 0.081470
0 0.645258 0.511182 0.058824 0.079872
1 0.145858 0.193291 0.056423 0.060703
1 0.064826 0.070288 0.048019 0.057508
1 0.070228 0.130192 0.025210 0.055911
1 0.194478 0.423323 0.038415 0.076677
1 0.224490 0.371406 0.038415 0.075080
1 0.719088 0.724441 0.050420 0.075080
1 0.184274 0.781949 0.073229 0.065495
0 0.439976 0.871406 0.056423 0.062300
0 0.620648 0.622204 0.043217 0.065495
0 0.537215 0.666933 0.039616 0.052716
0 0.897959 0.515974 0.045618 0.070288
0 0.264706 0.063099 0.058824 0.078275
0 0.431573 0.044728 0.078031 0.073482
0 0.493397 0.019968 0.045618 0.036741
0 0.616447 0.051917 0.046819 0.055911
0 0.074430 0.415335 0.040816 0.067093
0 0.048619 0.726837 0.032413 0.047923
0 0.429772 0.960863 0.141657 0.078275
0 0.601441 0.868211 0.040816 0.046326
0 0.549820 0.480032 0.036014 0.052716
1 0.857143 0.369010 0.048019 0.057508
1 0.843938 0.303514 0.043217 0.057508
1 0.774310 0.427316 0.036014 0.055911
1 0.939976 0.384185 0.040816 0.068690
1 0.851741 0.094249 0.039616 0.054313
0 0.652461 0.361821 0.034814 0.043131
0 0.291116 0.773962 0.032413 0.046326
0 0.425570 0.742812 0.046819 0.070288
0 0.789316 0.783546 0.034814 0.059105
0 0.983193 0.865016 0.033613 0.068690
0 0.796519 0.976837 0.032413 0.046326
1 0.229892 0.919329 0.042017 0.078275
0 0.959784 0.089457 0.080432 0.130990
0 0.947179 0.186102 0.038415 0.046326
1 0.015606 0.297923 0.024010 0.071885
0 0.402761 0.569489 0.058824 0.071885
0 0.488595 0.791534 0.028812 0.062300
1 0.333133 0.269169 0.027611 0.046326
1 0.393758 0.321885 0.031212 0.062300
1 0.469388 0.226038 0.031212 0.049521
1 0.444778 0.301118 0.022809 0.049521
1 0.121248 0.077476 0.026411 0.065495
1 0.972989 0.772364 0.054022 0.062300
1 0.891957 0.707668 0.026411 0.038339
1 0.171068 0.480831 0.042017 0.051118
1 0.312125 0.572684 0.045618 0.065495
1 0.240096 0.646166 0.036014 0.055911
