0 0.632053 0.468051 0.078031 0.108626
0 0.313325 0.426518 0.048019 0.076677
0 0.046819 0.499201 0.055222 0.046326
0 0.096639 0.656550 0.039616 0.070288
0 0.196879 0.702875 0.021609 0.031949
0 0.232893 0.734824 0.033613 0.035144
0 0.121849 0.846645 0.046819 0.047923
0 0.031813 0.824281 0.061224 0.067093
0 0.157263 0.962460 0.043217 0.046326
0 0.063625 0.986422 0.040816 0.027157
0 0.370348 0.860224 0.068427 0.062300
0 0.098439 0.391374 0.050420 0.047923
0 0.158463 0.466454 0.048019 0.025559
0 0.271909 0.269968 0.066026 0.076677
0 0.329532 0.275559 0.037215 0.043131
0 0.183673 0.304313 0.036014 0.046326
0 0.147659 0.269968 0.036014 0.047923
0 0.113445 0.175719 0.039616 0.051118
0 0.229892 0.097444 0.034814 0.035144
0 0.310324 0.146965 0.027611 0.057508
0 0.458583 0.075879 0.040816 0.052716
0 0.453181 0.184505 0.046819 0.055911
0 0.415966 0.156550 0.030012 0.038339
0 0.354742 0.109425 0.027611 0.033546
0 0.394958 0.131789 0.028812 0.039936
0 0.495198 0.180511 0.032413 0.031949
0 0.504802 0.209265 0.027611 0.038339
0 0.549220 0.234026 0.054022 0.081470
0 0.499400 0.337061 0.031212 0.041534
0 0.392557 0.021565 0.052821 0.039936
0 0.383553 0.272364 0.022809 0.043131
0 0.481393 0.361821 0.021609 0.039936
0 0.226291 0.388978 0.022809 0.030351
0 0.179472 0.380192 0.044418 0.047923
0 0.309124 0.607827 0.042017 0.039936
0 0.273709 0.625399 0.031212 0.046326
0 0.533613 0.532748 0.044418 0.055911
0 0.705282 0.288339 0.051621 0.039936
0 0.451381 0.817891 0.062425 0.076677
0 0.569628 0.789137 0.020408 0.031949
0 0.565426 0.719649 0.038415 0.039936
0 0.542017 0.851438 0.025210 0.022364
0 0.669868 0.722045 0.064826 0.092652
0 0.626050 0.801917 0.044418 0.041534
0 0.655462 0.863419 0.052821 0.065495
0 0.951981 0.486422 0.045618 0.052716
0 0.969988 0.421725 0.045618 0.047923
0 0.825330 0.476038 0.046819 0.038339
0 0.777311 0.419329 0.032413 0.046326
0 0.841537 0.232428 0.064826 0.071885
0 0.935174 0.201278 0.038415 0.035144
0 0.769508 0.566294 0.033613 0.030351
0 0.743097 0.631789 0.050420 0.055911
0 0.801921 0.630990 0.043217 0.038339
0 0.815126 0.574281 0.057623 0.046326
0 0.765906 0.531949 0.024010 0.041534
0 0.756303 0.767572 0.048019 0.039936
0 0.777911 0.818690 0.038415 0.033546
0 0.797719 0.723642 0.034814 0.044728
0 0.875150 0.803514 0.067227 0.073482
0 0.900360 0.979233 0.028812 0.041534
0 0.989196 0.972045 0.021609 0.033546
0 0.411765 0.589457 0.033613 0.035144
0 0.546218 0.943291 0.028812 0.036741
0 0.709484 0.146965 0.033613 0.047923
0 0.674070 0.038339 0.025210 0.031949
0 0.984394 0.186901 0.031212 0.047923
0 0.960984 0.128594 0.030012 0.043131
0 0.858944 0.329872 0.034814 0.043131
0 0.742497 0.332268 0.025210 0.022364
0 0.378752 0.435304 0.022809 0.030351
0 0.150660 0.605431 0.037215 0.054313
0 0.199280 0.563898 0.021609 0.025559
0 0.159664 0.762780 0.033613 0.030351
0 0.107443 0.745208 0.032413 0.036741
0 0.971188 0.865016 0.028812 0.036741
0 0.123649 0.027955 0.038415 0.033546
0 0.280312 0.902556 0.032413 0.031949
0 0.594238 0.190895 0.036014 0.049521
