0 0.285714 0.150160 0.048019 0.063898
0 0.249700 0.170927 0.031212 0.041534
0 0.213085 0.158147 0.027611 0.038339
0 0.271309 0.468051 0.062425 0.092652
0 0.293517 0.404952 0.046819 0.049521
0 0.386555 0.292332 0.043217 0.047923
0 0.453181 0.214058 0.054022 0.070288
0 0.454382 0.134984 0.042017 0.049521
0 0.737695 0.647764 0.049220 0.068690
0 0.617047 0.653355 0.031212 0.031949
0 0.639256 0.674920 0.022809 0.033546
0 0.697479 0.748403 0.028812 0.036741
0 0.243097 0.847444 0.066026 0.094249
0 0.860744 0.020767 0.074430 0.038339
0 0.472989 0.015176 0.048019 0.027157
0 0.527011 0.019968 0.060024 0.036741
0 0.592437 0.158147 0.032413 0.031949
0 0.765906 0.145367 0.036014 0.041534
0 0.965186 0.455272 0.040816 0.063898
0 0.631453 0.340256 0.045618 0.054313
1 0.851741 0.150160 0.032413 0.035144
1 0.801921 0.151757 0.031212 0.035144
1 0.597839 0.097444 0.043217 0.035144
1 0.187275 0.103035 0.043217 0.049521
1 0.147659 0.087859 0.043217 0.051118
1 0.127851 0.114217 0.049220 0.030351
1 0.109244 0.147764 0.048019 0.068690
1 0.136255 0.281949 0.032413 0.055911
1 0.169868 0.253195 0.042017 0.059105
1 0.172869 0.335463 0.045618 0.060703
1 0.108043 0.341054 0.031212 0.046326
1 0.049220 0.356230 0.036014 0.044728
1 0.068427 0.476038 0.050420 0.063898
0 0.168667 0.936102 0.099640 0.127796
0 0.188475 0.873003 0.028812 0.049521
0 0.200480 0.923323 0.028812 0.028754
0 0.390156 0.830671 0.033613 0.041534
0 0.500600 0.258786 0.045618 0.041534
0 0.537815 0.206070 0.031212 0.028754
1 0.691477 0.377796 0.028812 0.043131
1 0.719088 0.278754 0.033613 0.049521
1 0.957983 0.367412 0.036014 0.044728
1 0.899760 0.439297 0.044418 0.044728
1 0.864946 0.554313 0.044418 0.063898
1 0.741297 0.567093 0.039616 0.047923
1 0.799520 0.583866 0.055222 0.049521
1 0.831333 0.651757 0.034814 0.041534
1 0.597839 0.878594 0.043217 0.067093
1 0.583433 0.976837 0.052821 0.046326
1 0.757503 0.880990 0.050420 0.059105
1 0.807923 0.768371 0.038415 0.044728
1 0.928571 0.732428 0.056423 0.059105
1 0.022809 0.304313 0.024010 0.030351
1 0.177071 0.603035 0.056423 0.059105
1 0.510204 0.781150 0.033613 0.051118
1 0.727491 0.027157 0.086435 0.051118
1 0.961585 0.027157 0.033613 0.041534
1 0.030012 0.085463 0.026411 0.036741
1 0.971188 0.963259 0.050420 0.057508
1 0.508403 0.678115 0.046819 0.049521
1 0.396759 0.647764 0.034814 0.062300
1 0.647659 0.477636 0.039616 0.057508
