0 0.286915 0.566294 0.132053 0.180511
0 0.532413 0.559105 0.063625 0.063898
1 0.302521 0.749201 0.043217 0.067093
1 0.345138 0.763578 0.046819 0.051118
0 0.903962 0.133387 0.112845 0.135783
0 0.596038 0.226837 0.092437 0.089457
0 0.396158 0.144569 0.043217 0.052716
0 0.186074 0.187700 0.048019 0.078275
0 0.406963 0.859425 0.043217 0.076677
0 0.349340 0.901757 0.048019 0.065495
0 0.441777 0.935304 0.055222 0.049521
1 0.776711 0.285942 0.072029 0.086262
1 0.563625 0.077476 0.030012 0.068690
1 0.323529 0.166933 0.063625 0.081470
1 0.659064 0.773163 0.062425 0.095847
1 0.815726 0.350639 0.046819 0.065495
1 0.720888 0.480831 0.044418 0.057508
1 0.614046 0.521565 0.034814 0.049521
0 0.123649 0.694888 0.055222 0.044728
0 0.092437 0.790735 0.036014 0.051118
0 0.943577 0.727636 0.040816 0.049521
0 0.840936 0.623802 0.025210 0.043131
0 0.953782 0.624601 0.044418 0.073482
1 0.788115 0.972045 0.042017 0.055911
1 0.914766 0.869010 0.052821 0.051118
1 0.656663 0.075080 0.081633 0.047923
1 0.235294 0.890575 0.040816 0.039936
0 0.715486 0.803514 0.079232 0.079872
0 0.291116 0.067093 0.044418 0.076677
0 0.320528 0.033546 0.040816 0.044728
1 0.671669 0.309105 0.039616 0.059105
1 0.045018 0.237220 0.025210 0.039936
0 0.028812 0.180511 0.036014 0.054313
1 0.091837 0.036741 0.051621 0.047923
1 0.947179 0.964058 0.105642 0.071885
0 0.976591 0.499201 0.046819 0.062300
0 0.871549 0.393770 0.033613 0.033546
0 0.149460 0.297923 0.056423 0.049521
1 0.261104 0.060703 0.056423 0.057508
1 0.026411 0.777157 0.050420 0.097444
1 0.430372 0.579073 0.056423 0.052716
1 0.480192 0.107029 0.055222 0.067093
