0 0.156663 0.091054 0.116447 0.130990
0 0.545618 0.572684 0.058824 0.071885
0 0.481393 0.459265 0.036014 0.049521
0 0.168067 0.511981 0.040816 0.055911
0 0.498199 0.353834 0.048019 0.065495
0 0.021609 0.611022 0.036014 0.049521
0 0.563025 0.869808 0.052821 0.065495
0 0.826531 0.858626 0.030012 0.039936
0 0.371549 0.337859 0.032413 0.039936
0 0.630252 0.797125 0.036014 0.054313
0 0.270708 0.170128 0.027611 0.039936
0 0.877551 0.850639 0.028812 0.039936
0 0.071429 0.328275 0.025210 0.033546
0 0.567227 0.090256 0.027611 0.036741
