0 0.852341 0.336262 0.180072 0.215655
0 0.911765 0.450479 0.025210 0.028754
1 0.717887 0.653355 0.052821 0.067093
0 0.669868 0.277157 0.091236 0.126198
0 0.606242 0.063099 0.060024 0.091054
0 0.594838 0.021565 0.030012 0.033546
0 0.560024 0.083866 0.037215 0.039936
0 0.667467 0.056709 0.055222 0.052716
0 0.262905 0.019968 0.055222 0.036741
0 0.123649 0.019169 0.069628 0.035144
0 0.026411 0.036741 0.050420 0.070288
1 0.088235 0.322684 0.085234 0.108626
1 0.199880 0.372204 0.063625 0.070288
1 0.331933 0.433706 0.058824 0.078275
1 0.259304 0.560703 0.088836 0.108626
0 0.445978 0.697284 0.094838 0.135783
0 0.105642 0.633387 0.033613 0.039936
0 0.138055 0.639776 0.033613 0.033546
0 0.119448 0.677316 0.032413 0.051118
0 0.057623 0.819489 0.031212 0.051118
0 0.066026 0.694089 0.028812 0.036741
0 0.036014 0.611022 0.028812 0.043131
0 0.046218 0.865016 0.032413 0.043131
0 0.177671 0.878594 0.026411 0.038339
0 0.150060 0.810703 0.028812 0.039936
0 0.211885 0.793131 0.022809 0.036741
0 0.235294 0.761981 0.036014 0.054313
1 0.487995 0.900160 0.044418 0.062300
1 0.421369 0.805911 0.043217 0.049521
1 0.308523 0.833866 0.040816 0.051118
0 0.508403 0.974441 0.094838 0.051118
0 0.735294 0.962460 0.046819 0.036741
1 0.725690 0.924121 0.046819 0.046326
1 0.739496 0.874601 0.045618 0.055911
0 0.684274 0.916134 0.038415 0.033546
1 0.687875 0.954473 0.028812 0.027157
1 0.882953 0.972843 0.094838 0.054313
1 0.876351 0.813898 0.038415 0.059105
1 0.644058 0.802716 0.037215 0.039936
1 0.613445 0.734026 0.036014 0.065495
1 0.576230 0.686102 0.050420 0.052716
0 0.579832 0.551917 0.038415 0.059105
0 0.641657 0.637380 0.034814 0.044728
0 0.683673 0.491214 0.030012 0.046326
0 0.933373 0.109425 0.133253 0.202875
0 0.743097 0.026358 0.026411 0.027157
0 0.306723 0.232428 0.049220 0.049521
0 0.484994 0.202077 0.045618 0.059105
0 0.300720 0.164537 0.025210 0.035144
0 0.556423 0.168530 0.032413 0.043131
0 0.129052 0.463259 0.042017 0.076677
0 0.159664 0.446486 0.026411 0.039936
0 0.116447 0.406550 0.036014 0.049521
0 0.209484 0.415335 0.018007 0.035144
0 0.068427 0.087859 0.048019 0.051118
0 0.141657 0.088658 0.043217 0.062300
0 0.044418 0.203674 0.064826 0.078275
