0 0.198679 0.285942 0.042017 0.060703
0 0.129652 0.252396 0.043217 0.054313
0 0.149460 0.921725 0.051621 0.118211
0 0.348139 0.821086 0.036014 0.057508
0 0.412365 0.841853 0.032413 0.041534
0 0.574430 0.856230 0.039616 0.060703
0 0.744298 0.725240 0.050420 0.060703
0 0.591837 0.616613 0.043217 0.067093
0 0.571429 0.571086 0.031212 0.036741
0 0.617647 0.452875 0.046819 0.071885
0 0.364346 0.522364 0.037215 0.054313
0 0.255102 0.399361 0.039616 0.041534
0 0.155462 0.420927 0.034814 0.033546
0 0.207683 0.624601 0.028812 0.044728
0 0.909364 0.941693 0.126050 0.116613
0 0.788115 0.980032 0.037215 0.039936
0 0.922569 0.697284 0.027611 0.043131
0 0.048619 0.834665 0.022809 0.049521
0 0.017407 0.975240 0.027611 0.049521
0 0.095438 0.964058 0.032413 0.049521
0 0.124250 0.800319 0.032413 0.041534
0 0.239496 0.893770 0.042017 0.046326
0 0.431573 0.323482 0.037215 0.043131
0 0.551621 0.226038 0.037215 0.036741
0 0.761104 0.136581 0.088836 0.151757
0 0.643457 0.253994 0.045618 0.070288
0 0.573229 0.176518 0.056423 0.062300
0 0.498199 0.214058 0.055222 0.047923
0 0.602641 0.058307 0.036014 0.046326
0 0.887755 0.075879 0.032413 0.052716
0 0.923770 0.206070 0.030012 0.041534
0 0.516206 0.476837 0.026411 0.036741
0 0.545618 0.345847 0.027611 0.046326
0 0.178271 0.573482 0.030012 0.028754
0 0.255702 0.471246 0.033613 0.031949
0 0.106242 0.137380 0.046819 0.044728
0 0.683073 0.665335 0.031212 0.046326
0 0.752701 0.558307 0.036014 0.046326
0 0.870348 0.479233 0.033613 0.044728
0 0.938175 0.545527 0.025210 0.033546
0 0.945978 0.636581 0.031212 0.046326
0 0.989196 0.674121 0.021609 0.060703
0 0.364946 0.763578 0.074430 0.070288
0 0.444778 0.525559 0.027611 0.044728
0 0.757503 0.313898 0.026411 0.033546
0 0.819328 0.307508 0.027611 0.033546
0 0.371549 0.146965 0.039616 0.063898
0 0.808523 0.781949 0.022809 0.033546
0 0.706483 0.861821 0.032413 0.043131
0 0.442977 0.839457 0.031212 0.039936
0 0.361945 0.911342 0.027611 0.039936
0 0.557023 0.714058 0.028812 0.060703
0 0.718487 0.981629 0.022809 0.030351
0 0.093037 0.630192 0.022809 0.049521
0 0.641056 0.863419 0.028812 0.030351
0 0.912965 0.301118 0.030012 0.030351
0 0.434574 0.277955 0.036014 0.038339
0 0.330732 0.047125 0.022809 0.033546
0 0.634454 0.084665 0.037215 0.025559
0 0.027011 0.390575 0.034814 0.030351
0 0.199880 0.017572 0.030012 0.031949
0 0.984994 0.038339 0.025210 0.038339
0 0.441176 0.408946 0.025210 0.035144
0 0.416567 0.064696 0.021609 0.039936
0 0.791717 0.721246 0.022809 0.030351
0 0.787515 0.850639 0.019208 0.027157
0 0.577431 0.375399 0.028812 0.035144
0 0.168067 0.238019 0.033613 0.035144
0 0.782713 0.074281 0.016807 0.030351
0 0.664466 0.160543 0.027611 0.043131
0 0.706483 0.158147 0.025210 0.038339
