0 0.111044 0.232428 0.106843 0.113419
0 0.331333 0.140575 0.028812 0.044728
0 0.654262 0.127796 0.084034 0.092652
0 0.849940 0.726837 0.055222 0.063898
0 0.961585 0.932109 0.072029 0.116613
0 0.897359 0.501597 0.049220 0.060703
0 0.979592 0.356230 0.033613 0.073482
0 0.043217 0.340256 0.072029 0.099042
0 0.090636 0.438498 0.046819 0.075080
0 0.112845 0.516773 0.028812 0.046326
0 0.038415 0.673323 0.024010 0.062300
0 0.447179 0.127796 0.051621 0.051118
0 0.974790 0.036741 0.048019 0.054313
0 0.850540 0.412141 0.030012 0.054313
0 0.475990 0.579872 0.022809 0.041534
0 0.541417 0.319489 0.043217 0.038339
0 0.732893 0.329073 0.027611 0.025559
0 0.782713 0.169329 0.031212 0.035144
0 0.105642 0.148562 0.036014 0.044728
0 0.584034 0.049521 0.063625 0.067093
0 0.165066 0.927316 0.049220 0.052716
0 0.722689 0.662141 0.062425 0.075080
0 0.300720 0.751597 0.025210 0.049521
0 0.775510 0.285144 0.026411 0.046326
0 0.451981 0.367412 0.027611 0.067093
0 0.058223 0.594249 0.020408 0.022364
