1 0.243697 0.834665 0.050420 0.071885
1 0.239496 0.972843 0.039616 0.047923
1 0.141657 0.960863 0.036014 0.039936
1 0.085834 0.943291 0.042017 0.049521
1 0.075030 0.900160 0.042017 0.059105
1 0.106242 0.718051 0.025210 0.052716
1 0.027011 0.759585 0.032413 0.039936
1 0.167467 0.640575 0.022809 0.022364
1 0.130252 0.584665 0.018007 0.031949
1 0.139256 0.516773 0.033613 0.039936
1 0.215486 0.454473 0.025210 0.033546
1 0.210084 0.405751 0.026411 0.041534
1 0.101441 0.397764 0.046819 0.051118
1 0.039016 0.373003 0.020408 0.030351
1 0.037815 0.128594 0.049220 0.062300
1 0.252101 0.200479 0.040816 0.052716
1 0.782713 0.240415 0.060024 0.068690
1 0.826531 0.218850 0.039616 0.044728
0 0.878151 0.257188 0.063625 0.076677
0 0.855342 0.204473 0.013205 0.025559
0 0.909964 0.389776 0.028812 0.054313
0 0.936975 0.429712 0.066026 0.070288
0 0.990396 0.386581 0.019208 0.025559
0 0.946579 0.624601 0.020408 0.041534
0 0.983193 0.642173 0.033613 0.057508
0 0.860144 0.881789 0.046819 0.067093
0 0.902761 0.890575 0.043217 0.062300
0 0.888956 0.963259 0.070828 0.073482
0 0.671669 0.900160 0.032413 0.043131
0 0.614046 0.839457 0.027611 0.046326
0 0.648860 0.844249 0.037215 0.043131
0 0.595438 0.781949 0.028812 0.036741
0 0.490396 0.759585 0.066026 0.094249
0 0.336735 0.476038 0.027611 0.051118
0 0.266507 0.713259 0.057623 0.097444
0 0.363145 0.632588 0.039616 0.041534
0 0.446579 0.511182 0.045618 0.060703
0 0.594238 0.465655 0.031212 0.043131
0 0.722089 0.384984 0.037215 0.047923
0 0.591837 0.253195 0.024010 0.033546
0 0.595438 0.141374 0.024010 0.043131
0 0.171068 0.129393 0.032413 0.047923
0 0.121248 0.043930 0.028812 0.036741
0 0.264706 0.022364 0.075630 0.041534
0 0.873349 0.593450 0.039616 0.046326
1 0.708283 0.724441 0.028812 0.033546
1 0.749700 0.807508 0.037215 0.036741
0 0.549820 0.757987 0.031212 0.043131
0 0.406963 0.981629 0.036014 0.036741
1 0.497599 0.023163 0.032413 0.043131
