0 0.426771 0.863419 0.097239 0.138978
0 0.264706 0.920128 0.109244 0.137380
0 0.674070 0.350639 0.056423 0.081470
0 0.373950 0.250000 0.051621 0.075080
0 0.131453 0.584665 0.044418 0.057508
0 0.424970 0.718051 0.050420 0.065495
0 0.845738 0.219649 0.030012 0.043131
1 0.726891 0.745208 0.034814 0.046326
1 0.672269 0.803514 0.028812 0.044728
1 0.295918 0.402556 0.027611 0.038339
0 0.285714 0.272364 0.036014 0.049521
0 0.900360 0.750000 0.031212 0.046326
1 0.823529 0.789137 0.050420 0.067093
0 0.889556 0.983227 0.031212 0.033546
0 0.506002 0.094249 0.027611 0.031949
0 0.660264 0.509585 0.028812 0.044728
