0 0.163866 0.543131 0.075630 0.086262
0 0.510804 0.702875 0.073229 0.099042
0 0.623049 0.433706 0.048019 0.059105
0 0.775510 0.547923 0.045618 0.060703
0 0.789916 0.399361 0.036014 0.051118
0 0.824130 0.606230 0.039616 0.075080
0 0.577431 0.183706 0.055222 0.063898
0 0.657263 0.147764 0.049220 0.065495
0 0.672869 0.079073 0.037215 0.065495
0 0.371549 0.293131 0.032413 0.043131
0 0.935174 0.048722 0.057623 0.075080
0 0.916567 0.217252 0.044418 0.060703
0 0.924370 0.299521 0.028812 0.055911
0 0.710684 0.097444 0.045618 0.041534
0 0.351741 0.031150 0.028812 0.033546
1 0.206483 0.224441 0.043217 0.059105
0 0.299520 0.893770 0.102041 0.135783
0 0.075030 0.651757 0.056423 0.083067
1 0.345138 0.451278 0.063625 0.097444
1 0.460984 0.238818 0.048019 0.059105
1 0.459784 0.146965 0.033613 0.041534
1 0.042617 0.502396 0.042017 0.087859
0 0.587035 0.872204 0.048019 0.063898
0 0.843938 0.978435 0.028812 0.043131
0 0.424970 0.977636 0.036014 0.044728
0 0.173469 0.974441 0.056423 0.051118
0 0.058223 0.363419 0.061224 0.046326
0 0.688475 0.475240 0.027611 0.043131
