0 0.235894 0.297923 0.094838 0.119808
0 0.106843 0.187700 0.064826 0.059105
0 0.158463 0.115016 0.040816 0.070288
0 0.216086 0.171725 0.055222 0.068690
0 0.403962 0.073482 0.037215 0.044728
0 0.494598 0.095847 0.048019 0.041534
0 0.720288 0.039137 0.060024 0.075080
0 0.783914 0.355431 0.096038 0.100639
0 0.803121 0.354633 0.050420 0.073482
0 0.596639 0.315495 0.074430 0.091054
0 0.604442 0.232428 0.056423 0.065495
0 0.530612 0.610224 0.062425 0.063898
0 0.447179 0.456070 0.044418 0.059105
0 0.488595 0.492812 0.036014 0.043131
0 0.557023 0.403355 0.043217 0.036741
0 0.878151 0.072684 0.046819 0.071885
0 0.986194 0.260383 0.027611 0.099042
0 0.258103 0.413738 0.040816 0.070288
0 0.220888 0.380990 0.036014 0.046326
1 0.027011 0.871406 0.039616 0.062300
1 0.089436 0.857029 0.039616 0.036741
1 0.125450 0.828275 0.032413 0.046326
1 0.255102 0.815495 0.054022 0.055911
1 0.282113 0.778754 0.045618 0.043131
1 0.429172 0.846645 0.066026 0.102236
1 0.466387 0.934505 0.056423 0.063898
1 0.548019 0.857827 0.066026 0.086262
1 0.602641 0.880990 0.033613 0.043131
1 0.737695 0.871406 0.044418 0.068690
1 0.709484 0.941693 0.036014 0.039936
1 0.855342 0.855431 0.066026 0.065495
1 0.852941 0.769968 0.039616 0.041534
1 0.749100 0.730831 0.048019 0.062300
1 0.707683 0.636581 0.044418 0.049521
1 0.848739 0.524760 0.043217 0.062300
1 0.821729 0.556709 0.032413 0.049521
1 0.874550 0.568690 0.046819 0.057508
1 0.906363 0.482428 0.043217 0.057508
1 0.941176 0.475240 0.028812 0.049521
1 0.968187 0.746805 0.034814 0.065495
1 0.663265 0.122204 0.056423 0.071885
1 0.600840 0.085463 0.039616 0.052716
0 0.223289 0.580671 0.201681 0.241214
0 0.647059 0.451278 0.026411 0.043131
0 0.648860 0.495208 0.039616 0.031949
0 0.728691 0.516773 0.033613 0.033546
0 0.717887 0.449681 0.024010 0.033546
0 0.743697 0.431310 0.034814 0.035144
0 0.806723 0.226038 0.040816 0.043131
0 0.786315 0.248403 0.045618 0.043131
0 0.808523 0.301118 0.142857 0.206070
0 0.171669 0.582268 0.019208 0.023962
0 0.166867 0.516773 0.028812 0.039936
0 0.984994 0.420128 0.030012 0.121406
