1 0.761705 0.174121 0.037215 0.063898
1 0.815726 0.242812 0.044418 0.060703
1 0.987395 0.115016 0.025210 0.051118
1 0.977191 0.189297 0.024010 0.039936
1 0.884754 0.167732 0.028812 0.041534
1 0.961585 0.315495 0.026411 0.039936
1 0.947779 0.242013 0.027611 0.049521
1 0.757503 0.382588 0.043217 0.052716
1 0.448980 0.569489 0.055222 0.081470
1 0.093637 0.213259 0.038415 0.055911
1 0.828932 0.709265 0.034814 0.073482
1 0.415966 0.386581 0.034814 0.035144
1 0.448379 0.289137 0.025210 0.044728
1 0.591837 0.158147 0.024010 0.031949
1 0.585834 0.194888 0.031212 0.025559
1 0.626050 0.132588 0.022809 0.038339
1 0.522209 0.236422 0.019208 0.044728
1 0.515606 0.272364 0.022809 0.030351
1 0.232293 0.305911 0.032413 0.033546
1 0.220888 0.345847 0.031212 0.036741
1 0.205882 0.407348 0.039616 0.047923
1 0.639256 0.910543 0.054022 0.076677
0 0.588235 0.071086 0.038415 0.052716
0 0.480192 0.138179 0.043217 0.052716
0 0.381753 0.077476 0.052821 0.049521
1 0.343337 0.122204 0.033613 0.039936
0 0.235894 0.202875 0.034814 0.041534
0 0.232893 0.101438 0.033613 0.039936
0 0.045618 0.056709 0.045618 0.065495
0 0.057623 0.153355 0.031212 0.047923
0 0.020408 0.158147 0.031212 0.041534
0 0.294718 0.727636 0.073229 0.081470
0 0.511405 0.801917 0.060024 0.083067
0 0.288715 0.826677 0.044418 0.065495
0 0.322329 0.805911 0.042017 0.046326
0 0.987395 0.949681 0.025210 0.084665
0 0.124250 0.578275 0.037215 0.044728
1 0.690276 0.269968 0.048019 0.060703
1 0.351140 0.587061 0.030012 0.033546
1 0.281513 0.524760 0.032413 0.039936
1 0.174070 0.564696 0.033613 0.055911
0 0.924970 0.451278 0.030012 0.033546
0 0.802521 0.345048 0.030012 0.035144
0 0.790516 0.428914 0.037215 0.049521
0 0.685474 0.447284 0.036014 0.038339
0 0.678872 0.531150 0.030012 0.043131
0 0.695078 0.138978 0.031212 0.038339
0 0.097239 0.753994 0.026411 0.044728
0 0.167467 0.773962 0.034814 0.052716
1 0.421969 0.981629 0.025210 0.030351
1 0.397359 0.892971 0.019208 0.031949
1 0.505402 0.921725 0.048019 0.070288
1 0.506603 0.861821 0.038415 0.049521
1 0.091837 0.876198 0.090036 0.097444
1 0.130252 0.973642 0.080432 0.052716
