0 0.894358 0.876198 0.124850 0.161342
0 0.796519 0.909744 0.068427 0.094249
0 0.750300 0.591853 0.062425 0.100639
0 0.511405 0.796326 0.045618 0.059105
0 0.547419 0.763578 0.052821 0.057508
1 0.484394 0.893770 0.049220 0.059105
0 0.454382 0.965655 0.109244 0.068690
0 0.144658 0.705272 0.123649 0.190096
0 0.279112 0.786741 0.039616 0.062300
0 0.246098 0.932109 0.091236 0.103834
0 0.163866 0.491214 0.051621 0.052716
0 0.288115 0.673323 0.048019 0.052716
0 0.045018 0.587061 0.054022 0.071885
0 0.253902 0.138179 0.046819 0.062300
0 0.348139 0.020767 0.060024 0.038339
0 0.457383 0.059105 0.040816 0.063898
0 0.726891 0.362620 0.044418 0.041534
0 0.880552 0.416933 0.025210 0.038339
0 0.531212 0.950479 0.037215 0.054313
0 0.985594 0.935304 0.028812 0.055911
0 0.961585 0.861821 0.028812 0.033546
0 0.963986 0.754792 0.036014 0.055911
0 0.887755 0.964058 0.032413 0.052716
0 0.924370 0.977636 0.026411 0.044728
1 0.799520 0.091054 0.084034 0.067093
1 0.561825 0.079872 0.055222 0.047923
1 0.526411 0.084665 0.042017 0.044728
1 0.121248 0.082268 0.036014 0.039936
1 0.062425 0.075080 0.048019 0.047923
1 0.123649 0.405751 0.117647 0.124601
1 0.049820 0.451278 0.066026 0.084665
1 0.053421 0.814696 0.042017 0.041534
1 0.087635 0.918530 0.031212 0.057508
0 0.288115 0.436102 0.057623 0.089457
1 0.319928 0.287540 0.044418 0.057508
0 0.334334 0.369808 0.056423 0.055911
0 0.319328 0.603834 0.072029 0.118211
0 0.423169 0.535144 0.068427 0.111821
0 0.377551 0.755591 0.078031 0.095847
1 0.422569 0.813898 0.040816 0.049521
1 0.433974 0.898562 0.042017 0.055911
1 0.331333 0.968051 0.045618 0.057508
1 0.570228 0.651757 0.057623 0.063898
1 0.510804 0.575879 0.066026 0.059105
1 0.660264 0.441693 0.043217 0.052716
1 0.688475 0.527157 0.042017 0.047923
1 0.571429 0.285942 0.052821 0.057508
1 0.932173 0.170128 0.044418 0.091054
1 0.972989 0.399361 0.027611 0.054313
1 0.923169 0.415335 0.043217 0.054313
1 0.827131 0.509585 0.036014 0.035144
1 0.857743 0.587859 0.044418 0.051118
1 0.814526 0.710863 0.068427 0.070288
1 0.825330 0.713259 0.034814 0.052716
1 0.746098 0.723642 0.042017 0.047923
1 0.722689 0.676518 0.033613 0.043131
1 0.646459 0.870607 0.032413 0.044728
1 0.680672 0.888978 0.036014 0.062300
1 0.235294 0.510383 0.038415 0.062300
1 0.910564 0.357029 0.039616 0.055911
0 0.054622 0.190096 0.022809 0.025559
0 0.073229 0.197284 0.024010 0.027157
0 0.061825 0.239617 0.030012 0.031949
0 0.124250 0.242013 0.037215 0.039936
0 0.132653 0.231629 0.022809 0.028754
0 0.184274 0.127796 0.022809 0.028754
0 0.207083 0.070288 0.025210 0.044728
0 0.136255 0.142971 0.025210 0.033546
0 0.204682 0.305112 0.039616 0.035144
0 0.228091 0.284345 0.026411 0.035144
0 0.271309 0.282748 0.036014 0.041534
0 0.220888 0.359425 0.031212 0.028754
0 0.344538 0.398562 0.026411 0.033546
