1 0.258103 0.143770 0.055222 0.067093
0 0.368547 0.319489 0.031212 0.047923
0 0.019208 0.043930 0.031212 0.043131
0 0.055822 0.017572 0.034814 0.031949
1 0.435174 0.026358 0.042017 0.049521
0 0.218487 0.017572 0.026411 0.031949
1 0.145258 0.224441 0.048019 0.059105
1 0.126050 0.524760 0.074430 0.094249
0 0.088235 0.704473 0.027611 0.035144
0 0.039616 0.716454 0.021609 0.030351
1 0.232293 0.944089 0.049220 0.076677
1 0.195678 0.801917 0.033613 0.038339
1 0.145258 0.785144 0.024010 0.036741
0 0.094238 0.804313 0.027611 0.033546
1 0.138055 0.942492 0.048019 0.063898
0 0.476591 0.518371 0.038415 0.052716
0 0.430972 0.396166 0.026411 0.044728
0 0.237695 0.302716 0.026411 0.027157
0 0.482593 0.282748 0.038415 0.041534
0 0.555822 0.234824 0.031212 0.047923
0 0.630852 0.261182 0.032413 0.039936
0 0.586435 0.291534 0.051621 0.062300
0 0.229892 0.077476 0.032413 0.039936
0 0.668067 0.020767 0.025210 0.035144
0 0.882353 0.021565 0.072029 0.039936
0 0.864946 0.285144 0.030012 0.036741
0 0.809124 0.238818 0.031212 0.049521
0 0.779112 0.209265 0.031212 0.041534
0 0.765906 0.285942 0.033613 0.047923
0 0.937575 0.236422 0.024010 0.031949
0 0.956783 0.355431 0.026411 0.036741
0 0.804322 0.863419 0.069628 0.103834
0 0.548619 0.556709 0.057623 0.081470
0 0.588235 0.528754 0.045618 0.051118
0 0.510804 0.591054 0.044418 0.054313
0 0.444778 0.476038 0.027611 0.035144
0 0.457983 0.390575 0.037215 0.046326
0 0.393157 0.823482 0.030012 0.043131
0 0.274310 0.845048 0.034814 0.044728
0 0.140456 0.441693 0.026411 0.036741
0 0.617047 0.150160 0.028812 0.035144
0 0.726291 0.130990 0.028812 0.028754
0 0.843938 0.102236 0.026411 0.041534
0 0.782713 0.424121 0.036014 0.049521
0 0.910564 0.437700 0.030012 0.044728
0 0.471789 0.751597 0.026411 0.036741
0 0.468187 0.698882 0.024010 0.033546
0 0.300120 0.658946 0.040816 0.055911
0 0.378752 0.484026 0.025210 0.038339
0 0.220888 0.365815 0.033613 0.035144
0 0.409964 0.181310 0.025210 0.043131
0 0.833133 0.501597 0.043217 0.044728
0 0.982593 0.732428 0.034814 0.145367
0 0.965786 0.805911 0.046819 0.065495
0 0.959184 0.873802 0.064826 0.086262
0 0.920768 0.879393 0.033613 0.052716
0 0.874550 0.860224 0.034814 0.046326
0 0.790516 0.981629 0.030012 0.036741
1 0.521609 0.865815 0.042017 0.060703
1 0.555222 0.952875 0.039616 0.059105
0 0.568427 0.392971 0.037215 0.051118
0 0.986795 0.595048 0.026411 0.055911
0 0.976591 0.261182 0.032413 0.046326
0 0.985594 0.206869 0.028812 0.039936
0 0.584634 0.091054 0.033613 0.044728
0 0.159064 0.889776 0.025210 0.044728
0 0.367347 0.713259 0.019208 0.036741
0 0.666267 0.356230 0.036014 0.044728
0 0.712485 0.413738 0.022809 0.031949
0 0.885354 0.937700 0.032413 0.051118
0 0.930972 0.984824 0.039616 0.027157
0 0.938776 0.940096 0.026411 0.027157
0 0.632053 0.530351 0.018007 0.041534
0 0.186675 0.567891 0.022809 0.033546
0 0.032413 0.657348 0.019208 0.020767
0 0.399160 0.683706 0.025210 0.038339
0 0.828331 0.777157 0.028812 0.039936
0 0.013806 0.265176 0.018007 0.031949
0 0.063025 0.242013 0.022809 0.033546
1 0.078631 0.872204 0.039616 0.041534
0 0.796519 0.529553 0.018007 0.027157
