0 0.099640 0.362620 0.072029 0.099042
0 0.374550 0.038339 0.079232 0.073482
0 0.279112 0.174920 0.058824 0.052716
0 0.303121 0.118211 0.046819 0.044728
0 0.201080 0.190096 0.042017 0.054313
0 0.142257 0.170927 0.034814 0.044728
0 0.105642 0.055911 0.036014 0.044728
0 0.114046 0.209265 0.048019 0.044728
0 0.054622 0.219649 0.034814 0.039936
0 0.264706 0.825080 0.082833 0.126198
0 0.156062 0.741214 0.036014 0.054313
0 0.127251 0.951278 0.115246 0.097444
0 0.058223 0.857029 0.049220 0.075080
0 0.338535 0.593450 0.045618 0.062300
0 0.311525 0.496805 0.039616 0.047923
0 0.359544 0.301118 0.046819 0.071885
0 0.466387 0.400958 0.030012 0.051118
0 0.543217 0.351438 0.039616 0.054313
0 0.498800 0.355431 0.039616 0.046326
0 0.901561 0.043131 0.057623 0.054313
0 0.750300 0.073482 0.048019 0.047923
0 0.690876 0.031150 0.034814 0.039936
0 0.841537 0.734824 0.074430 0.095847
0 0.656663 0.801118 0.076831 0.068690
0 0.636855 0.742812 0.058824 0.073482
0 0.573830 0.662141 0.055222 0.052716
0 0.793517 0.624601 0.052821 0.067093
0 0.900360 0.682907 0.031212 0.052716
0 0.978992 0.968850 0.027611 0.049521
0 0.936375 0.591054 0.038415 0.044728
0 0.450780 0.284345 0.034814 0.044728
0 0.853541 0.498403 0.036014 0.051118
0 0.830732 0.676518 0.028812 0.036741
0 0.764706 0.265974 0.040816 0.049521
0 0.733493 0.163738 0.033613 0.020767
0 0.414166 0.151757 0.028812 0.031949
0 0.386555 0.547125 0.026411 0.030351
0 0.402761 0.485623 0.027611 0.041534
0 0.486795 0.697284 0.027611 0.027157
0 0.435774 0.637380 0.033613 0.041534
0 0.424970 0.681310 0.033613 0.036741
0 0.622449 0.207668 0.037215 0.041534
0 0.566627 0.306709 0.036014 0.025559
0 0.513205 0.287540 0.030012 0.035144
1 0.232893 0.334665 0.160864 0.199681
0 0.207683 0.535144 0.031212 0.031949
0 0.742497 0.666933 0.037215 0.059105
0 0.356543 0.109425 0.040816 0.052716
0 0.013205 0.813898 0.024010 0.110224
0 0.115846 0.696486 0.022809 0.028754
0 0.096038 0.619010 0.036014 0.033546
0 0.044418 0.571086 0.036014 0.043131
0 0.300120 0.580671 0.028812 0.052716
0 0.393758 0.426518 0.036014 0.035144
0 0.632653 0.058307 0.026411 0.023962
