1 0.659664 0.720447 0.037215 0.051118
1 0.743097 0.779553 0.055222 0.073482
1 0.500000 0.792332 0.042017 0.054313
1 0.599040 0.766773 0.048019 0.051118
1 0.354742 0.892173 0.058824 0.062300
1 0.478391 0.938498 0.042017 0.055911
1 0.780312 0.060703 0.036014 0.047923
1 0.737695 0.098243 0.051621 0.078275
1 0.641657 0.036741 0.044418 0.057508
1 0.567227 0.079872 0.022809 0.031949
1 0.600240 0.074281 0.028812 0.033546
1 0.684274 0.071885 0.026411 0.035144
1 0.271909 0.155751 0.032413 0.036741
1 0.201080 0.205272 0.025210 0.036741
1 0.237695 0.237220 0.028812 0.036741
1 0.225690 0.289137 0.038415 0.047923
1 0.123049 0.221246 0.032413 0.052716
1 0.153661 0.223642 0.024010 0.038339
1 0.116447 0.277157 0.033613 0.039936
1 0.138055 0.321086 0.067227 0.060703
1 0.143457 0.555112 0.066026 0.094249
1 0.161465 0.454473 0.056423 0.081470
1 0.015006 0.326677 0.027611 0.043131
1 0.070828 0.402556 0.040816 0.057508
1 0.036014 0.560703 0.036014 0.044728
1 0.066627 0.591054 0.030012 0.044728
1 0.043818 0.619010 0.032413 0.046326
1 0.036014 0.904153 0.048019 0.067093
1 0.702881 0.970447 0.037215 0.046326
1 0.427371 0.324281 0.033613 0.041534
1 0.377551 0.305112 0.025210 0.044728
1 0.351140 0.261981 0.037215 0.047923
1 0.950780 0.187700 0.031212 0.039936
1 0.983193 0.190895 0.033613 0.052716
1 0.854742 0.143770 0.024010 0.028754
1 0.915966 0.119010 0.036014 0.049521
1 0.908163 0.178115 0.034814 0.062300
1 0.934574 0.469649 0.027611 0.038339
1 0.950180 0.506390 0.022809 0.028754
1 0.845138 0.488019 0.043217 0.049521
1 0.874550 0.458466 0.037215 0.044728
1 0.801921 0.317093 0.028812 0.039936
1 0.824730 0.343450 0.028812 0.031949
1 0.848139 0.376198 0.027611 0.033546
1 0.867947 0.394569 0.024010 0.031949
0 0.066026 0.087061 0.093637 0.110224
0 0.420768 0.137380 0.061224 0.118211
0 0.412365 0.119808 0.056423 0.047923
0 0.417767 0.170927 0.069628 0.047923
1 0.290516 0.079073 0.057623 0.078275
0 0.328331 0.193291 0.030012 0.038339
0 0.208884 0.017572 0.033613 0.031949
0 0.243097 0.496006 0.080432 0.119808
0 0.237695 0.702875 0.081633 0.102236
0 0.121849 0.693291 0.039616 0.057508
0 0.192077 0.729233 0.213685 0.225240
0 0.124850 0.773962 0.052821 0.059105
0 0.184274 0.945687 0.085234 0.079872
0 0.563025 0.908946 0.091236 0.143770
0 0.562425 0.656550 0.063625 0.089457
0 0.484394 0.606230 0.037215 0.052716
0 0.439376 0.635783 0.048019 0.054313
0 0.794718 0.912141 0.072029 0.086262
0 0.884154 0.894569 0.051621 0.047923
0 0.966387 0.844249 0.043217 0.078275
0 0.984394 0.801118 0.031212 0.059105
0 0.936375 0.952077 0.036014 0.063898
0 0.921369 0.964856 0.037215 0.035144
1 0.384154 0.458466 0.045618 0.051118
1 0.330732 0.503195 0.039616 0.044728
1 0.444178 0.520767 0.036014 0.038339
1 0.403361 0.550319 0.031212 0.043131
1 0.475390 0.445687 0.026411 0.044728
1 0.510804 0.360224 0.027611 0.030351
1 0.522809 0.471246 0.025210 0.038339
1 0.637455 0.430511 0.024010 0.039936
1 0.674670 0.383387 0.141657 0.204473
