0 0.054022 0.249201 0.079232 0.102236
1 0.249100 0.201278 0.109244 0.095847
1 0.156663 0.220447 0.070828 0.099042
1 0.288715 0.578275 0.176471 0.188498
1 0.196279 0.679712 0.116447 0.084665
1 0.187875 0.781150 0.099640 0.095847
1 0.825930 0.764377 0.079232 0.103834
1 0.595438 0.219649 0.050420 0.059105
1 0.966987 0.326677 0.066026 0.087859
1 0.057623 0.820288 0.088836 0.132588
1 0.879352 0.089457 0.099640 0.127796
0 0.308523 0.418530 0.072029 0.070288
0 0.327131 0.940096 0.058824 0.078275
0 0.465186 0.200479 0.051621 0.065495
0 0.024010 0.643770 0.045618 0.127796
0 0.631453 0.623003 0.086435 0.073482
0 0.192077 0.619808 0.045618 0.044728
0 0.805522 0.465655 0.060024 0.094249
0 0.716086 0.230032 0.039616 0.051118
1 0.199880 0.866613 0.061224 0.084665
0 0.638055 0.693291 0.049220 0.054313
0 0.869148 0.960064 0.043217 0.076677
0 0.651861 0.321885 0.045618 0.062300
0 0.248499 0.403355 0.050420 0.052716
0 0.971789 0.797125 0.049220 0.057508
1 0.905762 0.444888 0.042017 0.071885
1 0.048019 0.375399 0.069628 0.095847
1 0.312725 0.319489 0.068427 0.073482
1 0.530012 0.707668 0.046819 0.054313
0 0.725690 0.123802 0.030012 0.049521
1 0.408764 0.119808 0.032413 0.044728
1 0.435774 0.658946 0.043217 0.075080
1 0.397359 0.518371 0.064826 0.094249
1 0.660864 0.117412 0.032413 0.046326
1 0.902761 0.549521 0.050420 0.063898
1 0.767107 0.710863 0.048019 0.070288
1 0.412965 0.194089 0.033613 0.052716
1 0.399160 0.328275 0.066026 0.071885
1 0.480792 0.736422 0.044418 0.060703
1 0.321128 0.714856 0.030012 0.059105
0 0.626050 0.430511 0.042017 0.039936
1 0.776110 0.888978 0.042017 0.049521
0 0.442977 0.929712 0.040816 0.047923
