0 0.618848 0.183706 0.056423 0.083067
0 0.042617 0.428115 0.058824 0.127796
1 0.495798 0.669329 0.127251 0.150160
1 0.412965 0.763578 0.093637 0.099042
1 0.180672 0.722045 0.075630 0.111821
1 0.692677 0.339457 0.040816 0.081470
1 0.764106 0.396965 0.061224 0.084665
1 0.764106 0.626997 0.037215 0.071885
1 0.244298 0.886581 0.054022 0.047923
1 0.253902 0.444089 0.037215 0.047923
1 0.041417 0.301917 0.056423 0.073482
1 0.056423 0.174121 0.048019 0.054313
1 0.234094 0.357827 0.055222 0.057508
1 0.729892 0.212460 0.036014 0.060703
1 0.614046 0.036741 0.025210 0.057508
1 0.971789 0.205272 0.042017 0.055911
0 0.866146 0.565495 0.070828 0.111821
0 0.211885 0.081470 0.042017 0.060703
0 0.154262 0.037540 0.042017 0.059105
0 0.672269 0.149361 0.033613 0.075080
0 0.598439 0.091054 0.039616 0.041534
0 0.390756 0.582268 0.039616 0.059105
1 0.588235 0.545527 0.052821 0.081470
0 0.018007 0.813099 0.033613 0.067093
1 0.108043 0.305911 0.040816 0.107029
0 0.148860 0.960863 0.040816 0.078275
1 0.415966 0.971246 0.046819 0.057508
1 0.037215 0.933706 0.036014 0.103834
1 0.456182 0.400160 0.038415 0.065495
1 0.441176 0.125399 0.044418 0.059105
1 0.611044 0.968850 0.026411 0.055911
1 0.808523 0.750000 0.054022 0.062300
1 0.832533 0.687700 0.046819 0.062300
0 0.931573 0.623802 0.052821 0.046326
1 0.977191 0.369808 0.045618 0.059105
1 0.896759 0.045527 0.045618 0.062300
1 0.797719 0.852236 0.056423 0.055911
1 0.209484 0.202875 0.037215 0.057508
1 0.329532 0.707668 0.037215 0.060703
1 0.232893 0.791534 0.060024 0.075080
1 0.835534 0.353035 0.060024 0.083067
