0 0.067827 0.068690 0.104442 0.134185
0 0.068427 0.227636 0.086435 0.107029
0 0.299520 0.024760 0.068427 0.046326
0 0.686074 0.071885 0.054022 0.073482
1 0.474790 0.449681 0.044418 0.075080
0 0.355342 0.480032 0.060024 0.075080
0 0.541417 0.701278 0.072029 0.124601
1 0.306723 0.753994 0.075630 0.063898
0 0.456783 0.814696 0.044418 0.073482
1 0.087635 0.790735 0.057623 0.063898
0 0.076230 0.952077 0.058824 0.073482
0 0.668067 0.942492 0.063625 0.076677
0 0.813926 0.780351 0.064826 0.059105
0 0.891357 0.666134 0.032413 0.051118
0 0.864946 0.493610 0.032413 0.051118
0 0.813325 0.456869 0.039616 0.060703
1 0.607443 0.281150 0.069628 0.099042
1 0.248499 0.390575 0.072029 0.097444
1 0.127251 0.479233 0.040816 0.057508
0 0.079832 0.529553 0.044418 0.049521
1 0.450780 0.735623 0.049220 0.065495
