0 0.204682 0.258786 0.066026 0.092652
0 0.134454 0.433706 0.043217 0.081470
0 0.273709 0.298722 0.038415 0.089457
0 0.490996 0.499201 0.079232 0.100639
0 0.411164 0.659744 0.080432 0.124601
0 0.812725 0.642173 0.064826 0.159744
0 0.832533 0.132588 0.061224 0.137380
0 0.552221 0.107029 0.038415 0.092652
0 0.638655 0.888179 0.081633 0.105431
0 0.578631 0.973642 0.040816 0.052716
0 0.708283 0.649361 0.050420 0.087859
0 0.195078 0.068690 0.056423 0.060703
0 0.091837 0.210863 0.039616 0.083067
0 0.032413 0.253994 0.043217 0.063898
0 0.077431 0.865815 0.056423 0.083067
0 0.036615 0.972045 0.056423 0.055911
0 0.213685 0.723642 0.060024 0.060703
0 0.429772 0.243610 0.093637 0.100639
0 0.339136 0.412141 0.030012 0.044728
0 0.115846 0.742013 0.039616 0.084665
0 0.139256 0.700479 0.052821 0.075080
0 0.294718 0.798722 0.037215 0.067093
0 0.641056 0.681310 0.040816 0.062300
0 0.950780 0.678914 0.038415 0.076677
0 0.725090 0.918530 0.050420 0.089457
0 0.621849 0.774760 0.040816 0.063898
0 0.726291 0.750000 0.019208 0.052716
0 0.639856 0.093450 0.076831 0.126198
0 0.823529 0.831470 0.055222 0.055911
0 0.973589 0.832268 0.043217 0.070288
0 0.136855 0.090256 0.031212 0.055911
1 0.294118 0.091054 0.055222 0.079872
0 0.879352 0.660543 0.075630 0.164537
