0 0.900360 0.345847 0.055222 0.059105
0 0.452581 0.610224 0.072029 0.086262
0 0.609244 0.411342 0.078031 0.110224
0 0.489796 0.422524 0.040816 0.055911
0 0.385954 0.103035 0.049220 0.071885
0 0.582833 0.157348 0.058824 0.103834
0 0.084634 0.787540 0.034814 0.060703
0 0.264706 0.773962 0.030012 0.039936
0 0.151261 0.860224 0.036014 0.033546
0 0.408163 0.289137 0.031212 0.044728
0 0.355942 0.764377 0.046819 0.036741
0 0.303121 0.861821 0.044418 0.027157
0 0.765906 0.913738 0.055222 0.067093
0 0.702881 0.472843 0.058824 0.095847
0 0.292917 0.090256 0.048019 0.068690
0 0.346939 0.409744 0.036014 0.052716
0 0.567227 0.507987 0.039616 0.067093
0 0.602641 0.522364 0.036014 0.041534
0 0.710684 0.163738 0.050420 0.052716
0 0.639856 0.084665 0.050420 0.079872
0 0.788715 0.161342 0.045618 0.076677
0 0.328932 0.271565 0.074430 0.111821
0 0.249100 0.321086 0.061224 0.102236
0 0.228091 0.432109 0.076831 0.081470
0 0.301321 0.390575 0.021609 0.052716
0 0.274910 0.404153 0.016807 0.047923
0 0.090636 0.510383 0.030012 0.033546
0 0.096038 0.532748 0.014406 0.027157
0 0.132653 0.174121 0.039616 0.047923
0 0.073830 0.103035 0.032413 0.049521
0 0.028211 0.159744 0.027611 0.044728
0 0.016206 0.342652 0.030012 0.052716
0 0.083433 0.339457 0.025210 0.033546
0 0.116447 0.613419 0.026411 0.035144
0 0.115846 0.697284 0.022809 0.027157
0 0.102041 0.724441 0.038415 0.043131
0 0.106843 0.890575 0.033613 0.043131
0 0.027611 0.940096 0.040816 0.023962
0 0.313926 0.973642 0.027611 0.030351
0 0.246098 0.927316 0.026411 0.039936
0 0.398559 0.862620 0.026411 0.028754
0 0.425570 0.853834 0.032413 0.046326
0 0.190276 0.973642 0.027611 0.023962
0 0.442977 0.474441 0.031212 0.047923
0 0.429172 0.541534 0.030012 0.031949
0 0.478391 0.511981 0.027611 0.033546
0 0.506002 0.784345 0.032413 0.044728
0 0.478992 0.763578 0.026411 0.038339
0 0.561224 0.811502 0.032413 0.025559
0 0.609244 0.803514 0.015606 0.038339
0 0.580432 0.782748 0.025210 0.035144
0 0.673469 0.644569 0.033613 0.049521
0 0.651261 0.616613 0.032413 0.035144
0 0.355942 0.657348 0.037215 0.043131
0 0.223289 0.738019 0.033613 0.044728
0 0.207683 0.250000 0.040816 0.043131
0 0.215486 0.073482 0.034814 0.044728
0 0.309724 0.025559 0.050420 0.047923
0 0.444778 0.051118 0.022809 0.038339
0 0.349940 0.060703 0.022809 0.051118
0 0.271309 0.680511 0.043217 0.067093
0 0.534814 0.155751 0.058824 0.084665
0 0.561825 0.087859 0.036014 0.031949
0 0.493998 0.043131 0.034814 0.041534
0 0.945378 0.082268 0.022809 0.043131
0 0.905762 0.087061 0.034814 0.049521
0 0.907563 0.045527 0.021609 0.036741
0 0.944778 0.250799 0.028812 0.047923
0 0.788715 0.425719 0.043217 0.068690
0 0.984994 0.511182 0.030012 0.054313
0 0.975390 0.638179 0.025210 0.033546
0 0.648860 0.283546 0.032413 0.039936
0 0.651861 0.202875 0.031212 0.035144
0 0.723890 0.300319 0.055222 0.060703
0 0.720288 0.698083 0.028812 0.035144
0 0.834334 0.824281 0.040816 0.057508
0 0.872749 0.915335 0.033613 0.057508
0 0.558824 0.947284 0.030012 0.054313
0 0.894358 0.773163 0.036014 0.038339
0 0.857143 0.749201 0.026411 0.038339
0 0.783313 0.700479 0.037215 0.046326
0 0.121849 0.544728 0.037215 0.041534
0 0.785714 0.752396 0.022809 0.044728
0 0.807923 0.263578 0.021609 0.028754
0 0.419568 0.722045 0.030012 0.035144
0 0.432773 0.683706 0.037215 0.035144
0 0.644658 0.908147 0.021609 0.033546
0 0.101441 0.214058 0.032413 0.031949
0 0.641657 0.492812 0.037215 0.062300
0 0.929772 0.596645 0.034814 0.062300
0 0.754502 0.264377 0.034814 0.036741
0 0.320528 0.486422 0.043217 0.043131
0 0.666267 0.866613 0.067227 0.068690
0 0.821729 0.123003 0.039616 0.047923
0 0.023409 0.231629 0.037215 0.038339
