0 0.034214 0.365016 0.066026 0.084665
0 0.231693 0.567093 0.045618 0.063898
0 0.206483 0.483227 0.031212 0.030351
0 0.120048 0.571885 0.026411 0.038339
0 0.061224 0.430511 0.055222 0.043131
0 0.079832 0.503994 0.027611 0.046326
0 0.144058 0.433706 0.028812 0.036741
0 0.204082 0.309904 0.021609 0.028754
0 0.222089 0.264377 0.033613 0.030351
0 0.154862 0.242812 0.028812 0.035144
0 0.133854 0.169329 0.046819 0.035144
0 0.300120 0.234824 0.036014 0.051118
0 0.349940 0.226038 0.049220 0.062300
0 0.439976 0.180511 0.044418 0.057508
0 0.417167 0.218850 0.027611 0.031949
0 0.280912 0.159744 0.033613 0.028754
0 0.093037 0.046326 0.042017 0.038339
0 0.311525 0.667732 0.037215 0.047923
0 0.486194 0.560703 0.026411 0.022364
0 0.544418 0.564696 0.042017 0.049521
0 0.316927 0.790735 0.038415 0.035144
0 0.471789 0.880192 0.026411 0.035144
0 0.294118 0.948882 0.033613 0.041534
0 0.554622 0.841853 0.045618 0.073482
0 0.455582 0.828275 0.027611 0.033546
0 0.433974 0.870607 0.030012 0.035144
0 0.706483 0.717252 0.032413 0.044728
0 0.527011 0.729233 0.028812 0.036741
0 0.484394 0.707668 0.032413 0.047923
0 0.385954 0.682109 0.025210 0.035144
0 0.559424 0.514377 0.040816 0.038339
0 0.552221 0.466454 0.055222 0.054313
0 0.500600 0.479233 0.033613 0.035144
0 0.508403 0.362620 0.042017 0.057508
0 0.468788 0.341853 0.030012 0.028754
0 0.504802 0.035144 0.025210 0.038339
0 0.478992 0.033546 0.026411 0.035144
0 0.325930 0.015974 0.032413 0.028754
0 0.558223 0.135783 0.040816 0.067093
0 0.659064 0.091054 0.036014 0.047923
0 0.700480 0.115016 0.025210 0.028754
0 0.692677 0.010383 0.038415 0.017572
0 0.629652 0.014377 0.027611 0.025559
0 0.710084 0.222045 0.034814 0.047923
0 0.678271 0.261981 0.040816 0.054313
0 0.708283 0.297923 0.038415 0.043131
0 0.782113 0.279553 0.039616 0.054313
0 0.735294 0.507188 0.085234 0.055911
0 0.724490 0.563898 0.025210 0.060703
0 0.672869 0.584665 0.037215 0.047923
0 0.633854 0.605431 0.026411 0.028754
0 0.638055 0.531150 0.027611 0.039936
0 0.660864 0.511182 0.030012 0.041534
0 0.497599 0.636581 0.027611 0.043131
0 0.711285 0.830671 0.042017 0.076677
0 0.674070 0.851438 0.032413 0.051118
0 0.695078 0.920927 0.040816 0.065495
0 0.598439 0.916134 0.042017 0.039936
0 0.605042 0.979233 0.040816 0.041534
0 0.773109 0.956070 0.024010 0.033546
0 0.875750 0.884185 0.068427 0.094249
0 0.935174 0.502396 0.096038 0.103834
0 0.820528 0.435304 0.046819 0.043131
0 0.786915 0.640575 0.054022 0.047923
0 0.780912 0.554313 0.032413 0.054313
0 0.973589 0.260383 0.048019 0.089457
0 0.828331 0.239617 0.033613 0.047923
0 0.951381 0.181310 0.022809 0.046326
0 0.856543 0.726038 0.025210 0.059105
0 0.782113 0.165335 0.030012 0.033546
0 0.847539 0.095048 0.060024 0.049521
0 0.975390 0.702077 0.032413 0.052716
0 0.398559 0.502396 0.036014 0.043131
0 0.806723 0.904952 0.031212 0.039936
0 0.805522 0.972843 0.028812 0.035144
0 0.731092 0.911342 0.026411 0.036741
0 0.800720 0.748403 0.036014 0.049521
0 0.642257 0.392971 0.031212 0.038339
0 0.819328 0.382588 0.022809 0.046326
0 0.974190 0.652556 0.022809 0.033546
0 0.457383 0.561502 0.019208 0.036741
0 0.343938 0.484824 0.030012 0.055911
0 0.157863 0.495208 0.022809 0.041534
0 0.102641 0.371406 0.034814 0.049521
0 0.390756 0.964058 0.030012 0.030351
0 0.501801 0.875399 0.021609 0.035144
0 0.604442 0.091054 0.027611 0.031949
0 0.538415 0.054313 0.032413 0.028754
0 0.863745 0.136581 0.034814 0.055911
