0 0.882353 0.454473 0.194478 0.241214
0 0.834334 0.931310 0.199280 0.134185
0 0.525210 0.376997 0.049220 0.070288
0 0.200480 0.877796 0.055222 0.078275
1 0.025810 0.797923 0.049220 0.100639
1 0.123649 0.698083 0.045618 0.063898
1 0.234094 0.610224 0.057623 0.067093
1 0.460384 0.646965 0.044418 0.063898
1 0.684274 0.693291 0.055222 0.060703
1 0.797119 0.811502 0.052821 0.073482
0 0.541417 0.081470 0.052821 0.073482
1 0.211285 0.274760 0.048019 0.063898
1 0.217287 0.345048 0.038415 0.054313
1 0.339136 0.883387 0.080432 0.089457
0 0.384154 0.761182 0.040816 0.065495
0 0.463385 0.805112 0.055222 0.063898
0 0.545018 0.976038 0.076831 0.047923
0 0.708884 0.191693 0.080432 0.130990
1 0.176471 0.154153 0.055222 0.071885
0 0.491597 0.509585 0.085234 0.124601
0 0.873950 0.664537 0.048019 0.051118
0 0.902161 0.094249 0.044418 0.060703
