1 0.561825 0.094249 0.048019 0.079872
1 0.747899 0.055112 0.052821 0.059105
1 0.886555 0.069489 0.044418 0.055911
1 0.942977 0.039936 0.042017 0.047923
1 0.836735 0.615815 0.060024 0.068690
1 0.930972 0.837061 0.102041 0.067093
1 0.936375 0.939297 0.064826 0.054313
1 0.861345 0.201278 0.056423 0.070288
1 0.924370 0.273962 0.033613 0.068690
0 0.720888 0.952077 0.037215 0.070288
0 0.787515 0.864217 0.026411 0.044728
0 0.777911 0.945687 0.036014 0.063898
0 0.614046 0.637380 0.037215 0.051118
0 0.243097 0.808307 0.073229 0.070288
0 0.167467 0.869808 0.044418 0.062300
0 0.090036 0.817093 0.084034 0.091054
0 0.312125 0.445687 0.045618 0.063898
0 0.114046 0.163738 0.055222 0.087859
0 0.163265 0.242812 0.069628 0.070288
0 0.400360 0.215655 0.046819 0.063898
0 0.619448 0.496006 0.072029 0.103834
0 0.864346 0.531949 0.103241 0.099042
0 0.390756 0.646166 0.039616 0.055911
