0 0.309724 0.636581 0.036014 0.065495
0 0.344538 0.543131 0.052821 0.054313
0 0.663265 0.251597 0.078031 0.151757
0 0.765306 0.253994 0.044418 0.047923
0 0.279712 0.350639 0.021609 0.030351
0 0.184874 0.283546 0.033613 0.043131
0 0.103842 0.605431 0.037215 0.038339
0 0.066627 0.669329 0.025210 0.038339
0 0.050420 0.758786 0.031212 0.038339
0 0.112845 0.888978 0.026411 0.043131
0 0.244898 0.666933 0.036014 0.043131
0 0.735294 0.412939 0.032413 0.059105
0 0.473589 0.186102 0.030012 0.055911
0 0.528812 0.289936 0.044418 0.055911
0 0.487995 0.609425 0.034814 0.043131
0 0.521008 0.571885 0.033613 0.054313
0 0.648259 0.612620 0.028812 0.046326
0 0.735294 0.820288 0.046819 0.036741
0 0.965186 0.480831 0.033613 0.057508
0 0.886555 0.835463 0.032413 0.035144
0 0.874550 0.935304 0.054022 0.055911
0 0.417167 0.595847 0.022809 0.047923
0 0.328331 0.494409 0.037215 0.043131
0 0.372149 0.150160 0.105642 0.121406
0 0.435174 0.081470 0.015606 0.044728
0 0.393758 0.089457 0.040816 0.060703
0 0.218487 0.821086 0.040816 0.054313
0 0.505402 0.927316 0.033613 0.055911
0 0.681273 0.971246 0.032413 0.041534
0 0.897359 0.404952 0.022809 0.036741
0 0.564826 0.465655 0.030012 0.036741
0 0.524610 0.524760 0.050420 0.043131
0 0.599040 0.709265 0.026411 0.022364
0 0.581032 0.674121 0.028812 0.041534
0 0.568427 0.804313 0.027611 0.033546
0 0.481393 0.783546 0.038415 0.049521
0 0.506002 0.678115 0.034814 0.030351
0 0.413565 0.751597 0.034814 0.020767
0 0.442377 0.824281 0.061224 0.073482
0 0.888956 0.472045 0.034814 0.039936
0 0.809124 0.146166 0.048019 0.033546
0 0.600240 0.206869 0.031212 0.043131
0 0.546819 0.224441 0.032413 0.043131
0 0.704682 0.527157 0.036014 0.051118
0 0.478992 0.533546 0.026411 0.031949
0 0.527011 0.385783 0.031212 0.030351
0 0.457383 0.407348 0.033613 0.038339
0 0.456182 0.281150 0.019208 0.028754
0 0.310324 0.393770 0.025210 0.033546
0 0.015606 0.821086 0.028812 0.038339
0 0.450180 0.928115 0.031212 0.031949
0 0.657863 0.791534 0.038415 0.062300
0 0.606843 0.975240 0.022809 0.027157
0 0.349340 0.740415 0.021609 0.027157
0 0.349940 0.920128 0.030012 0.025559
0 0.983193 0.453674 0.024010 0.038339
0 0.668667 0.135783 0.024010 0.025559
0 0.834934 0.719649 0.049220 0.046326
0 0.842737 0.684505 0.021609 0.030351
0 0.728691 0.978435 0.026411 0.030351
0 0.765306 0.917732 0.022809 0.027157
0 0.762305 0.853834 0.028812 0.023962
0 0.400360 0.537540 0.025210 0.033546
0 0.433373 0.442492 0.012005 0.031949
0 0.625450 0.356230 0.028812 0.031949
0 0.894358 0.253994 0.036014 0.060703
0 0.548619 0.075879 0.028812 0.033546
0 0.530612 0.118211 0.031212 0.035144
0 0.530612 0.928914 0.021609 0.036741
0 0.464586 0.875399 0.028812 0.047923
0 0.489196 0.865016 0.027611 0.027157
0 0.561224 0.728435 0.020408 0.025559
0 0.558223 0.602236 0.026411 0.038339
0 0.598439 0.525559 0.049220 0.079872
0 0.458583 0.658147 0.024010 0.031949
0 0.468788 0.336262 0.025210 0.027157
0 0.600240 0.356230 0.019208 0.031949
0 0.502401 0.084665 0.025210 0.031949
0 0.451381 0.137380 0.016807 0.028754
0 0.987995 0.240415 0.014406 0.027157
0 0.260504 0.760383 0.016807 0.025559
