0 0.911765 0.341853 0.054022 0.067093
0 0.742497 0.572684 0.054022 0.049521
0 0.450180 0.292332 0.031212 0.054313
0 0.957383 0.658147 0.042017 0.044728
1 0.118848 0.518371 0.040816 0.068690
1 0.141056 0.832268 0.061224 0.070288
1 0.504802 0.690895 0.078031 0.094249
1 0.349940 0.396965 0.061224 0.075080
1 0.270108 0.448083 0.055222 0.071885
0 0.367947 0.102236 0.092437 0.095847
0 0.101441 0.365016 0.058824 0.071885
0 0.702281 0.257188 0.036014 0.060703
0 0.243697 0.134185 0.072029 0.121406
0 0.799520 0.700479 0.067227 0.068690
0 0.719688 0.488019 0.037215 0.068690
1 0.618848 0.434505 0.051621 0.070288
1 0.877551 0.781150 0.036014 0.044728
1 0.860144 0.603035 0.056423 0.100639
1 0.033013 0.348243 0.044418 0.041534
1 0.031212 0.396965 0.040816 0.055911
1 0.249100 0.712460 0.037215 0.057508
0 0.854742 0.929712 0.060024 0.057508
0 0.828331 0.162939 0.038415 0.047923
0 0.198079 0.021565 0.031212 0.030351
1 0.494598 0.535144 0.026411 0.038339
1 0.594838 0.631789 0.042017 0.075080
1 0.267707 0.341853 0.045618 0.089457
1 0.942977 0.217252 0.037215 0.044728
0 0.982593 0.035942 0.034814 0.052716
1 0.040816 0.226837 0.033613 0.057508
0 0.675870 0.650160 0.031212 0.057508
1 0.692077 0.759585 0.037215 0.039936
1 0.807923 0.478435 0.072029 0.071885
0 0.846339 0.409744 0.045618 0.052716
1 0.560624 0.243610 0.045618 0.065495
