0 0.240096 0.525559 0.084034 0.108626
0 0.034814 0.245208 0.067227 0.145367
0 0.199280 0.293131 0.062425 0.065495
0 0.267707 0.234824 0.045618 0.079872
0 0.349940 0.253195 0.044418 0.065495
0 0.121248 0.584665 0.038415 0.054313
0 0.634454 0.789936 0.044418 0.062300
0 0.724490 0.479233 0.032413 0.060703
0 0.632653 0.280351 0.060024 0.094249
0 0.453181 0.628594 0.030012 0.065495
0 0.564226 0.672524 0.024010 0.038339
0 0.402761 0.678914 0.034814 0.047923
0 0.287515 0.715655 0.046819 0.044728
0 0.138055 0.761981 0.050420 0.051118
0 0.073830 0.737220 0.027611 0.046326
0 0.090036 0.694089 0.033613 0.039936
0 0.016206 0.627796 0.030012 0.044728
0 0.386555 0.061502 0.038415 0.055911
0 0.869148 0.043131 0.050420 0.079872
0 0.835534 0.111821 0.038415 0.060703
0 0.726891 0.020767 0.049220 0.035144
0 0.980792 0.460064 0.038415 0.067093
0 0.896759 0.548722 0.033613 0.046326
0 0.941777 0.648562 0.022809 0.044728
0 0.939376 0.686102 0.027611 0.043131
0 0.928571 0.722843 0.018007 0.046326
0 0.970588 0.956070 0.037215 0.052716
0 0.812125 0.948083 0.042017 0.059105
0 0.673469 0.976837 0.055222 0.046326
0 0.696879 0.912141 0.032413 0.054313
0 0.621849 0.578275 0.036014 0.035144
0 0.567827 0.527157 0.033613 0.035144
0 0.735294 0.595048 0.039616 0.036741
0 0.324730 0.888179 0.044418 0.067093
0 0.228091 0.855431 0.038415 0.049521
0 0.450180 0.285942 0.026411 0.038339
0 0.021609 0.349840 0.031212 0.051118
0 0.183073 0.939297 0.039616 0.067093
0 0.292317 0.932907 0.037215 0.054313
0 0.228691 0.900160 0.039616 0.043131
0 0.376351 0.600639 0.034814 0.054313
0 0.443577 0.527955 0.037215 0.036741
0 0.636255 0.704473 0.036014 0.047923
0 0.564226 0.739617 0.052821 0.067093
0 0.688475 0.805112 0.044418 0.067093
0 0.686675 0.519169 0.060024 0.092652
0 0.737095 0.292332 0.043217 0.041534
0 0.675870 0.361022 0.036014 0.044728
0 0.858944 0.309105 0.037215 0.036741
0 0.064226 0.467252 0.027611 0.043131
0 0.608043 0.365016 0.030012 0.036741
0 0.562425 0.228435 0.022809 0.038339
0 0.767107 0.859425 0.031212 0.041534
0 0.915366 0.257188 0.027611 0.035144
0 0.343938 0.131789 0.027611 0.030351
0 0.523409 0.864217 0.028812 0.041534
0 0.659664 0.918530 0.032413 0.051118
0 0.899760 0.913738 0.022809 0.044728
0 0.856543 0.689297 0.046819 0.039936
0 0.851741 0.805112 0.030012 0.031949
0 0.507203 0.370607 0.042017 0.054313
0 0.375750 0.821086 0.033613 0.044728
0 0.448379 0.500799 0.025210 0.020767
0 0.506603 0.481629 0.028812 0.039936
0 0.487395 0.570288 0.016807 0.038339
0 0.250300 0.739617 0.042017 0.038339
0 0.805522 0.349840 0.033613 0.044728
0 0.820528 0.395367 0.042017 0.049521
0 0.914166 0.019169 0.032413 0.035144
0 0.975390 0.707668 0.027611 0.047923
