0 0.271309 0.114217 0.273709 0.225240
0 0.199880 0.297923 0.068427 0.103834
0 0.290516 0.404952 0.088836 0.103834
0 0.279112 0.534345 0.049220 0.059105
0 0.258103 0.566294 0.026411 0.039936
0 0.269508 0.637380 0.032413 0.041534
0 0.070828 0.218850 0.033613 0.028754
0 0.087635 0.613419 0.040816 0.067093
0 0.045018 0.683706 0.039616 0.047923
0 0.015006 0.634185 0.027611 0.054313
0 0.136255 0.650958 0.030012 0.036741
0 0.163265 0.667732 0.036014 0.041534
0 0.168067 0.714058 0.038415 0.041534
0 0.165066 0.798722 0.025210 0.022364
0 0.647659 0.488818 0.046819 0.086262
0 0.570228 0.606230 0.036014 0.059105
0 0.366747 0.686102 0.037215 0.052716
0 0.339736 0.762780 0.033613 0.039936
0 0.844538 0.625399 0.078031 0.107029
0 0.622449 0.121406 0.046819 0.070288
0 0.747299 0.054313 0.037215 0.054313
0 0.711885 0.015176 0.031212 0.027157
0 0.849340 0.140575 0.034814 0.044728
0 0.774910 0.148562 0.034814 0.044728
0 0.798319 0.042332 0.026411 0.039936
0 0.916567 0.189297 0.034814 0.046326
0 0.594238 0.873802 0.028812 0.044728
0 0.536014 0.865815 0.037215 0.044728
0 0.509604 0.666134 0.027611 0.047923
0 0.157263 0.942492 0.038415 0.051118
0 0.779712 0.415335 0.039616 0.057508
0 0.912965 0.476038 0.032413 0.051118
0 0.606242 0.548722 0.033613 0.039936
0 0.791717 0.749201 0.049220 0.060703
0 0.965186 0.875399 0.036014 0.047923
0 0.832533 0.785144 0.027611 0.039936
0 0.715486 0.981629 0.040816 0.036741
0 0.660264 0.293930 0.028812 0.022364
0 0.497599 0.988818 0.034814 0.022364
0 0.026411 0.052716 0.028812 0.025559
0 0.069628 0.370607 0.036014 0.038339
0 0.710084 0.761182 0.037215 0.049521
0 0.512005 0.528754 0.032413 0.031949
0 0.772509 0.603834 0.027611 0.035144
0 0.781513 0.551917 0.019208 0.036741
0 0.978391 0.451278 0.021609 0.033546
0 0.951381 0.839457 0.022809 0.039936
0 0.870348 0.343450 0.019208 0.028754
0 0.313325 0.602236 0.033613 0.035144
0 0.483193 0.496805 0.025210 0.041534
0 0.189076 0.412141 0.022809 0.028754
0 0.144058 0.841853 0.033613 0.031949
0 0.710084 0.092652 0.039616 0.031949
0 0.975990 0.669329 0.028812 0.063898
0 0.632653 0.932907 0.028812 0.051118
0 0.507803 0.920128 0.026411 0.041534
0 0.030612 0.336262 0.030012 0.039936
0 0.887755 0.734824 0.030012 0.047923
0 0.744898 0.437700 0.018007 0.044728
0 0.212485 0.724441 0.036014 0.049521
0 0.036014 0.757987 0.033613 0.036741
