0 0.386555 0.915335 0.139256 0.140575
0 0.677671 0.839457 0.111645 0.148562
0 0.451981 0.736422 0.063625 0.079872
0 0.968788 0.686102 0.045618 0.062300
0 0.911765 0.815495 0.034814 0.049521
0 0.820528 0.914537 0.032413 0.059105
1 0.653061 0.506390 0.043217 0.060703
1 0.418968 0.590256 0.072029 0.065495
1 0.225090 0.654153 0.042017 0.052716
1 0.304322 0.391374 0.044418 0.067093
1 0.255702 0.153355 0.052821 0.060703
1 0.551621 0.164537 0.051621 0.070288
1 0.399160 0.222045 0.046819 0.057508
1 0.491597 0.384185 0.046819 0.081470
1 0.412965 0.494409 0.045618 0.071885
1 0.587035 0.322684 0.038415 0.054313
1 0.554622 0.230032 0.043217 0.051118
1 0.402761 0.132588 0.039616 0.057508
1 0.773109 0.148562 0.036014 0.025559
1 0.618848 0.401757 0.063625 0.075080
1 0.772509 0.341853 0.044418 0.047923
0 0.878151 0.519968 0.039616 0.052716
0 0.930972 0.595048 0.037215 0.059105
1 0.800120 0.454473 0.061224 0.094249
0 0.064826 0.575879 0.021609 0.052716
0 0.591837 0.878594 0.040816 0.070288
1 0.188475 0.266773 0.040816 0.047923
