0 0.783914 0.306709 0.086435 0.092652
0 0.711285 0.359425 0.054022 0.067093
0 0.823529 0.417732 0.098439 0.094249
0 0.431573 0.618211 0.051621 0.070288
0 0.474190 0.724441 0.038415 0.065495
1 0.298920 0.647764 0.043217 0.068690
1 0.221489 0.732428 0.039616 0.059105
1 0.077431 0.826677 0.056423 0.059105
1 0.025210 0.878594 0.043217 0.076677
1 0.185474 0.857827 0.039616 0.051118
1 0.056423 0.657348 0.040816 0.039936
1 0.036615 0.298722 0.027611 0.044728
0 0.074430 0.256390 0.038415 0.039936
1 0.025810 0.502396 0.032413 0.059105
1 0.013806 0.645367 0.025210 0.067093
0 0.594238 0.039936 0.067227 0.063898
0 0.871549 0.770767 0.045618 0.065495
0 0.884154 0.476837 0.037215 0.049521
0 0.212485 0.103035 0.076831 0.091054
0 0.289916 0.041534 0.068427 0.073482
1 0.339736 0.918530 0.069628 0.086262
0 0.704682 0.220447 0.050420 0.044728
0 0.604442 0.198083 0.044418 0.051118
1 0.869748 0.613419 0.034814 0.060703
1 0.955582 0.607827 0.052821 0.052716
1 0.551621 0.694089 0.054022 0.071885
