1 0.278511 0.231629 0.103241 0.102236
0 0.556423 0.503994 0.051621 0.062300
0 0.743697 0.480032 0.073229 0.081470
1 0.917167 0.323482 0.060024 0.075080
0 0.822929 0.839457 0.061224 0.097444
0 0.716687 0.849840 0.084034 0.079872
0 0.656663 0.726837 0.036014 0.047923
0 0.983193 0.494409 0.033613 0.059105
1 0.604442 0.202077 0.066026 0.062300
1 0.219688 0.087859 0.069628 0.067093
1 0.146459 0.040735 0.067227 0.065495
1 0.063025 0.044728 0.068427 0.057508
1 0.388956 0.591054 0.067227 0.063898
1 0.891957 0.114217 0.045618 0.043131
1 0.877551 0.789137 0.050420 0.079872
1 0.100240 0.896965 0.046819 0.081470
1 0.290516 0.375399 0.052821 0.051118
1 0.016807 0.432907 0.031212 0.067093
1 0.752701 0.335463 0.084034 0.086262
0 0.409964 0.066294 0.039616 0.036741
1 0.672269 0.157348 0.062425 0.062300
1 0.712485 0.064696 0.051621 0.046326
0 0.647059 0.653355 0.052821 0.054313
1 0.040216 0.202875 0.027611 0.044728
1 0.337935 0.496006 0.056423 0.065495
0 0.584034 0.146965 0.044418 0.054313
0 0.975990 0.150160 0.048019 0.115016
0 0.465186 0.471246 0.032413 0.063898
