0 0.334934 0.510383 0.141657 0.154952
0 0.061224 0.281150 0.062425 0.086262
0 0.121849 0.187700 0.010804 0.039936
0 0.197479 0.496805 0.061224 0.041534
0 0.274310 0.388179 0.046819 0.041534
0 0.166267 0.348243 0.039616 0.041534
0 0.159664 0.388978 0.036014 0.043131
0 0.120648 0.383387 0.030012 0.041534
0 0.195078 0.732428 0.061224 0.116613
0 0.193277 0.542332 0.036014 0.039936
0 0.123049 0.722843 0.068427 0.055911
0 0.148259 0.771565 0.046819 0.041534
0 0.124850 0.838658 0.043217 0.057508
0 0.296519 0.761182 0.024010 0.030351
0 0.442377 0.645367 0.046819 0.047923
0 0.463986 0.543930 0.044418 0.036741
0 0.895558 0.523163 0.180072 0.148562
0 0.809724 0.731629 0.121248 0.153355
0 0.519208 0.634984 0.030012 0.052716
0 0.411765 0.871406 0.052821 0.071885
0 0.318127 0.890575 0.033613 0.043131
0 0.894358 0.795527 0.074430 0.083067
0 0.905762 0.694089 0.058824 0.071885
0 0.955582 0.661342 0.036014 0.038339
0 0.665666 0.920927 0.034814 0.036741
0 0.929172 0.384185 0.021609 0.030351
0 0.792917 0.175719 0.022809 0.044728
0 0.636855 0.051118 0.044418 0.063898
0 0.684874 0.150160 0.042017 0.041534
0 0.445978 0.908946 0.037215 0.057508
0 0.360144 0.947284 0.040816 0.044728
0 0.550420 0.968051 0.025210 0.038339
0 0.588235 0.828275 0.026411 0.039936
0 0.150060 0.975240 0.050420 0.039936
0 0.039016 0.892971 0.022809 0.025559
0 0.192077 0.211661 0.036014 0.059105
0 0.169868 0.576677 0.025210 0.035144
0 0.677071 0.731629 0.036014 0.067093
0 0.708884 0.609425 0.039616 0.036741
0 0.980792 0.892971 0.036014 0.044728
0 0.907563 0.956070 0.024010 0.033546
0 0.881152 0.309904 0.038415 0.047923
0 0.777311 0.014377 0.044418 0.025559
0 0.525210 0.053514 0.042017 0.062300
0 0.513806 0.106230 0.033613 0.039936
0 0.438175 0.051917 0.031212 0.039936
0 0.137455 0.024760 0.025210 0.027157
0 0.415966 0.204473 0.032413 0.057508
0 0.375750 0.068690 0.031212 0.031949
0 0.851741 0.062300 0.027611 0.035144
0 0.890156 0.057508 0.027611 0.054313
0 0.969988 0.021565 0.024010 0.039936
0 0.788115 0.314696 0.034814 0.041534
0 0.770708 0.513578 0.033613 0.059105
0 0.116447 0.534345 0.031212 0.023962
0 0.131453 0.568690 0.030012 0.044728
0 0.459184 0.379393 0.034814 0.030351
0 0.945378 0.287540 0.025210 0.031949
0 0.897359 0.187700 0.030012 0.046326
0 0.638055 0.584665 0.032413 0.028754
0 0.677671 0.223642 0.039616 0.054313
0 0.689076 0.186102 0.038415 0.043131
0 0.279112 0.237220 0.022809 0.036741
0 0.225090 0.145367 0.027611 0.028754
0 0.115846 0.136581 0.027611 0.043131
0 0.097839 0.201278 0.022809 0.038339
0 0.231693 0.107827 0.026411 0.023962
0 0.152461 0.086262 0.024010 0.031949
0 0.123649 0.085463 0.028812 0.030351
0 0.301921 0.840256 0.022809 0.038339
0 0.394358 0.805112 0.037215 0.035144
0 0.065426 0.765974 0.025210 0.036741
0 0.237695 0.804313 0.055222 0.081470
0 0.234094 0.733227 0.043217 0.054313
0 0.611044 0.394569 0.021609 0.035144
0 0.891957 0.388179 0.024010 0.044728
0 0.753301 0.821885 0.051621 0.071885
0 0.516206 0.316294 0.031212 0.028754
0 0.026411 0.755591 0.021609 0.044728
0 0.217287 0.860224 0.038415 0.033546
0 0.741897 0.110224 0.038415 0.047923
0 0.701681 0.100639 0.030012 0.044728
0 0.559424 0.303514 0.036014 0.047923
0 0.187275 0.454473 0.052821 0.039936
