0 0.264706 0.549521 0.126050 0.153355
0 0.109844 0.751597 0.082833 0.068690
0 0.483193 0.537540 0.034814 0.055911
0 0.628451 0.293930 0.034814 0.073482
0 0.664466 0.329872 0.037215 0.059105
0 0.170468 0.321086 0.048019 0.079872
0 0.030012 0.325879 0.052821 0.070288
0 0.176471 0.453674 0.026411 0.047923
0 0.151861 0.527157 0.030012 0.041534
0 0.025210 0.553514 0.028812 0.036741
0 0.016807 0.501597 0.031212 0.051118
0 0.405762 0.652556 0.062425 0.094249
0 0.268908 0.870607 0.038415 0.057508
0 0.189076 0.900160 0.044418 0.046326
0 0.069028 0.889776 0.027611 0.031949
0 0.689076 0.603035 0.052821 0.065495
0 0.701681 0.489617 0.082833 0.097444
0 0.637455 0.544728 0.043217 0.063898
0 0.847539 0.628594 0.060024 0.059105
0 0.843938 0.716454 0.033613 0.059105
0 0.747299 0.669329 0.037215 0.057508
0 0.820528 0.884984 0.034814 0.041534
0 0.810924 0.836262 0.034814 0.036741
0 0.600240 0.883387 0.036014 0.047923
0 0.566026 0.952875 0.037215 0.043131
0 0.978391 0.372204 0.028812 0.035144
0 0.978391 0.341853 0.038415 0.038339
0 0.465786 0.027157 0.064826 0.051118
0 0.480192 0.253195 0.031212 0.030351
0 0.443577 0.294728 0.030012 0.033546
0 0.854742 0.199681 0.031212 0.038339
0 0.958583 0.183706 0.027611 0.041534
0 0.489196 0.646166 0.044418 0.071885
0 0.520408 0.652556 0.034814 0.046326
0 0.648860 0.730831 0.034814 0.039936
0 0.148259 0.424121 0.027611 0.023962
0 0.874550 0.928914 0.042017 0.046326
0 0.103842 0.587061 0.027611 0.033546
0 0.090636 0.527157 0.032413 0.028754
0 0.121849 0.054313 0.027611 0.035144
0 0.902161 0.499201 0.022809 0.043131
0 0.534814 0.744409 0.027611 0.035144
0 0.478992 0.732428 0.028812 0.039936
0 0.420768 0.344249 0.025210 0.023962
0 0.222689 0.339457 0.022809 0.033546
0 0.031212 0.420128 0.028812 0.035144
0 0.513806 0.537540 0.031212 0.036741
0 0.376351 0.080671 0.037215 0.039936
0 0.334334 0.067891 0.025210 0.043131
0 0.325930 0.027955 0.032413 0.036741
0 0.381753 0.039137 0.021609 0.023962
0 0.116447 0.095048 0.026411 0.030351
0 0.169868 0.117412 0.030012 0.033546
0 0.118848 0.192492 0.026411 0.027157
0 0.216086 0.224441 0.028812 0.036741
0 0.133253 0.310703 0.021609 0.059105
0 0.222689 0.719649 0.027611 0.033546
0 0.204082 0.801118 0.038415 0.043131
0 0.041417 0.812300 0.025210 0.027157
0 0.280912 0.950479 0.040816 0.051118
0 0.646459 0.886581 0.022809 0.025559
0 0.649460 0.921725 0.024010 0.031949
0 0.792317 0.924920 0.019208 0.031949
0 0.922569 0.756390 0.030012 0.043131
0 0.965186 0.658147 0.031212 0.031949
0 0.974190 0.949681 0.030012 0.036741
0 0.898559 0.178115 0.025210 0.023962
0 0.786315 0.345048 0.028812 0.038339
0 0.759304 0.111821 0.025210 0.035144
0 0.869148 0.115815 0.033613 0.039936
0 0.729292 0.147764 0.030012 0.033546
0 0.690276 0.120607 0.019208 0.030351
0 0.290516 0.314696 0.028812 0.028754
0 0.114046 0.152556 0.021609 0.036741
0 0.379352 0.725240 0.028812 0.028754
0 0.409964 0.930511 0.027611 0.023962
0 0.764106 0.843450 0.020408 0.022364
0 0.731693 0.400160 0.022809 0.027157
0 0.518007 0.572684 0.027611 0.027157
0 0.738295 0.722045 0.026411 0.031949
0 0.972989 0.448083 0.020408 0.033546
0 0.984394 0.563898 0.028812 0.025559
0 0.543818 0.236422 0.057623 0.086262
0 0.442977 0.442492 0.036014 0.054313
