0 0.797119 0.551917 0.088836 0.123003
0 0.594238 0.662141 0.060024 0.055911
0 0.148860 0.646166 0.086435 0.100639
1 0.424370 0.500000 0.044418 0.083067
0 0.971789 0.309904 0.056423 0.095847
0 0.957983 0.460064 0.031212 0.041534
0 0.837335 0.368211 0.032413 0.055911
0 0.866747 0.204473 0.062425 0.054313
1 0.548619 0.928914 0.043217 0.081470
1 0.285714 0.552716 0.060024 0.086262
1 0.632653 0.462460 0.062425 0.081470
1 0.653061 0.579872 0.064826 0.070288
1 0.364946 0.209265 0.055222 0.060703
1 0.021609 0.349840 0.040816 0.146965
0 0.282713 0.903355 0.063625 0.107029
0 0.136255 0.940096 0.042017 0.052716
1 0.234094 0.279553 0.091236 0.073482
1 0.459184 0.048722 0.078031 0.055911
0 0.339136 0.078275 0.049220 0.073482
1 0.585234 0.039137 0.054022 0.049521
1 0.752101 0.031949 0.061224 0.047923
1 0.687875 0.333067 0.096038 0.123003
1 0.537815 0.821885 0.019208 0.078275
1 0.916567 0.915335 0.027611 0.070288
0 0.786915 0.964856 0.034814 0.041534
0 0.272509 0.743610 0.060024 0.094249
0 0.396759 0.626997 0.039616 0.043131
1 0.140456 0.396166 0.033613 0.044728
1 0.894358 0.125399 0.055222 0.046326
1 0.418968 0.354633 0.038415 0.047923
1 0.433373 0.269169 0.048019 0.059105
0 0.920768 0.688498 0.055222 0.076677
0 0.913565 0.606230 0.033613 0.039936
0 0.980792 0.534345 0.033613 0.046326
0 0.891357 0.545527 0.022809 0.039936
1 0.791717 0.253195 0.034814 0.027157
0 0.353541 0.865016 0.020408 0.030351
1 0.025810 0.648562 0.046819 0.047923
1 0.217287 0.021565 0.040816 0.039936
