0 0.167467 0.249201 0.140456 0.159744
0 0.208283 0.365016 0.056423 0.055911
0 0.285714 0.374601 0.040816 0.071885
0 0.312725 0.305911 0.037215 0.052716
0 0.412965 0.124601 0.081633 0.079872
0 0.392557 0.191693 0.036014 0.044728
0 0.432773 0.200479 0.037215 0.052716
0 0.451981 0.187700 0.027611 0.036741
0 0.603842 0.059105 0.050420 0.076677
0 0.654262 0.259585 0.052821 0.081470
0 0.746699 0.427316 0.069628 0.097444
0 0.572029 0.500799 0.051621 0.055911
1 0.932773 0.173323 0.043217 0.062300
0 0.036615 0.549521 0.070828 0.124601
0 0.121248 0.641374 0.048019 0.065495
0 0.051621 0.673323 0.038415 0.030351
0 0.311525 0.642971 0.034814 0.049521
0 0.622449 0.858626 0.207683 0.282748
0 0.585834 0.833866 0.033613 0.054313
0 0.636255 0.762780 0.026411 0.030351
0 0.576831 0.944888 0.030012 0.046326
0 0.623049 0.980831 0.028812 0.038339
0 0.683073 0.872204 0.026411 0.047923
0 0.496399 0.896965 0.049220 0.046326
0 0.398559 0.916933 0.050420 0.047923
0 0.421969 0.392173 0.034814 0.049521
0 0.360144 0.396166 0.036014 0.035144
0 0.871549 0.599042 0.028812 0.041534
0 0.964586 0.706869 0.032413 0.049521
0 0.888355 0.742013 0.036014 0.062300
1 0.544418 0.274760 0.039616 0.060703
1 0.497599 0.247604 0.032413 0.038339
1 0.471789 0.285144 0.026411 0.039936
1 0.468788 0.354633 0.027611 0.047923
1 0.482593 0.609425 0.048019 0.065495
1 0.445978 0.786741 0.046819 0.059105
1 0.322929 0.790735 0.043217 0.035144
1 0.434574 0.853834 0.033613 0.049521
1 0.764106 0.860224 0.049220 0.052716
1 0.815726 0.861821 0.032413 0.039936
1 0.869148 0.849042 0.021609 0.033546
1 0.844538 0.948083 0.046819 0.059105
1 0.971188 0.865815 0.040816 0.047923
1 0.921369 0.523163 0.049220 0.062300
1 0.982593 0.567093 0.034814 0.079872
1 0.778511 0.586262 0.042017 0.054313
1 0.902161 0.348243 0.037215 0.047923
1 0.953181 0.421725 0.033613 0.041534
1 0.812725 0.149361 0.043217 0.046326
1 0.904562 0.018371 0.032413 0.033546
1 0.171068 0.805112 0.042017 0.054313
1 0.195078 0.877796 0.044418 0.049521
1 0.025810 0.914537 0.049220 0.078275
1 0.017407 0.198083 0.032413 0.060703
1 0.021008 0.053514 0.039616 0.103834
