0 0.590636 0.607029 0.088836 0.134185
0 0.412965 0.333866 0.072029 0.105431
0 0.276110 0.045527 0.072029 0.075080
0 0.184274 0.158147 0.063625 0.073482
0 0.205282 0.750000 0.050420 0.087859
0 0.114046 0.958466 0.040816 0.054313
1 0.569628 0.757987 0.063625 0.084665
1 0.471789 0.885783 0.036014 0.049521
1 0.415966 0.948882 0.037215 0.054313
1 0.641657 0.922524 0.032413 0.075080
1 0.662065 0.145367 0.054022 0.067093
1 0.911164 0.225240 0.031212 0.047923
1 0.848139 0.183706 0.034814 0.057508
1 0.799520 0.313099 0.040816 0.079872
1 0.979592 0.217252 0.040816 0.076677
1 0.391957 0.205272 0.037215 0.062300
1 0.322929 0.328275 0.067227 0.084665
0 0.506603 0.331470 0.050420 0.081470
0 0.814526 0.797125 0.056423 0.105431
0 0.896158 0.700479 0.037215 0.068690
0 0.740096 0.472843 0.034814 0.041534
1 0.611044 0.369010 0.028812 0.047923
1 0.570828 0.360224 0.034814 0.059105
0 0.381753 0.634984 0.036014 0.049521
0 0.487995 0.611821 0.046819 0.054313
0 0.412965 0.769968 0.033613 0.057508
0 0.115846 0.187700 0.034814 0.046326
0 0.071429 0.228435 0.046819 0.070288
1 0.686074 0.751597 0.051621 0.078275
1 0.940576 0.547125 0.037215 0.087859
1 0.723890 0.912939 0.036014 0.049521
1 0.933974 0.838658 0.064826 0.083067
1 0.969388 0.686901 0.037215 0.070288
1 0.056423 0.779553 0.064826 0.067093
1 0.954982 0.317891 0.046819 0.070288
