0 0.865546 0.363419 0.103241 0.142173
0 0.025810 0.873003 0.046819 0.138978
0 0.369748 0.301118 0.081633 0.084665
1 0.130252 0.161342 0.046819 0.057508
1 0.124850 0.045527 0.048019 0.049521
1 0.026411 0.144569 0.050420 0.052716
0 0.300720 0.542332 0.042017 0.052716
0 0.650060 0.527955 0.049220 0.062300
0 0.045618 0.574281 0.036014 0.075080
0 0.522209 0.813099 0.074430 0.089457
1 0.684274 0.641374 0.074430 0.071885
1 0.821128 0.469649 0.052821 0.079872
1 0.463385 0.162141 0.055222 0.071885
0 0.810324 0.027955 0.072029 0.046326
0 0.446579 0.371406 0.055222 0.078275
0 0.124850 0.783546 0.045618 0.078275
0 0.896158 0.500799 0.056423 0.084665
1 0.971188 0.959265 0.057623 0.081470
1 0.339136 0.134984 0.049220 0.062300
1 0.238896 0.964058 0.052821 0.071885
0 0.972989 0.628594 0.054022 0.081470
0 0.196879 0.230831 0.048019 0.052716
1 0.431573 0.508786 0.097239 0.094249
0 0.322929 0.727636 0.052821 0.062300
0 0.412365 0.780351 0.049220 0.062300
0 0.221489 0.727636 0.039616 0.046326
0 0.574430 0.601438 0.039616 0.065495
0 0.014406 0.630192 0.026411 0.049521
0 0.851741 0.592652 0.056423 0.095847
0 0.304922 0.340256 0.062425 0.067093
1 0.331333 0.027157 0.057623 0.051118
1 0.615246 0.198882 0.068427 0.091054
0 0.627851 0.754792 0.033613 0.052716
1 0.543217 0.686901 0.042017 0.063898
1 0.678271 0.075080 0.031212 0.028754
1 0.788115 0.956869 0.046819 0.057508
1 0.223289 0.625399 0.057623 0.046326
1 0.530012 0.444888 0.078031 0.065495
1 0.591236 0.305911 0.109244 0.084665
0 0.060624 0.469649 0.056423 0.060703
1 0.372749 0.428914 0.042017 0.052716
0 0.531212 0.172524 0.042017 0.031949
