0 0.649460 0.399361 0.076831 0.095847
0 0.247299 0.211661 0.048019 0.068690
0 0.353541 0.131789 0.061224 0.081470
0 0.354742 0.057508 0.051621 0.067093
0 0.413565 0.090256 0.034814 0.055911
0 0.471789 0.052716 0.036014 0.047923
0 0.593037 0.031949 0.050420 0.060703
0 0.603842 0.210064 0.048019 0.055911
0 0.606843 0.118211 0.037215 0.057508
0 0.219688 0.286741 0.031212 0.049521
1 0.061224 0.266773 0.076831 0.070288
1 0.022209 0.376198 0.042017 0.046326
1 0.029412 0.511981 0.056423 0.142173
0 0.292317 0.506390 0.027611 0.041534
0 0.312725 0.535144 0.022809 0.057508
0 0.556423 0.895367 0.037215 0.043131
0 0.575030 0.937700 0.045618 0.054313
0 0.984394 0.062300 0.031212 0.051118
1 0.623649 0.692492 0.044418 0.059105
1 0.536615 0.607029 0.040816 0.057508
1 0.364946 0.740415 0.040816 0.055911
1 0.079232 0.896166 0.069628 0.089457
1 0.159664 0.847444 0.040816 0.059105
1 0.127851 0.780351 0.049220 0.055911
1 0.214886 0.694089 0.043217 0.065495
1 0.014406 0.806709 0.026411 0.047923
1 0.837935 0.869808 0.052821 0.046326
1 0.680072 0.822684 0.051621 0.060703
1 0.680072 0.950479 0.039616 0.076677
1 0.794118 0.940096 0.051621 0.055911
1 0.928571 0.864217 0.044418 0.057508
1 0.983794 0.896166 0.027611 0.054313
1 0.960384 0.942492 0.052821 0.047923
1 0.732293 0.293930 0.064826 0.060703
1 0.812125 0.255591 0.058824 0.086262
1 0.872749 0.244409 0.057623 0.070288
1 0.965186 0.223642 0.055222 0.070288
1 0.937575 0.166134 0.033613 0.051118
1 0.935174 0.100639 0.045618 0.073482
1 0.779712 0.017572 0.039616 0.031949
1 0.831933 0.019169 0.033613 0.035144
1 0.265906 0.085463 0.054022 0.075080
1 0.221489 0.165335 0.049220 0.065495
1 0.034214 0.189297 0.037215 0.049521
1 0.019208 0.052716 0.036014 0.063898
1 0.399760 0.413738 0.036014 0.038339
1 0.424370 0.447284 0.037215 0.051118
1 0.444778 0.601438 0.034814 0.039936
1 0.539016 0.484026 0.040816 0.051118
1 0.841537 0.603834 0.038415 0.054313
1 0.794718 0.654153 0.038415 0.033546
1 0.786315 0.694089 0.043217 0.046326
1 0.874550 0.646965 0.051621 0.051118
1 0.881753 0.692492 0.056423 0.062300
1 0.883553 0.348243 0.028812 0.054313
1 0.334934 0.251597 0.043217 0.071885
1 0.155462 0.345847 0.042017 0.055911
1 0.145858 0.287540 0.056423 0.047923
1 0.096639 0.389776 0.039616 0.051118
1 0.056423 0.343450 0.036014 0.038339
1 0.046218 0.373003 0.027611 0.030351
1 0.094238 0.513578 0.044418 0.071885
1 0.065426 0.516773 0.046819 0.059105
1 0.153661 0.557508 0.043217 0.079872
1 0.200480 0.428914 0.043217 0.065495
1 0.250900 0.448882 0.045618 0.051118
1 0.314526 0.442492 0.043217 0.063898
1 0.234694 0.622204 0.054022 0.059105
1 0.238295 0.502396 0.034814 0.030351
1 0.182473 0.511981 0.038415 0.052716
1 0.077431 0.811502 0.042017 0.047923
1 0.036014 0.706869 0.036014 0.049521
1 0.040216 0.649361 0.037215 0.036741
1 0.858343 0.535942 0.040816 0.055911
1 0.434574 0.757987 0.031212 0.046326
1 0.464586 0.960064 0.064826 0.076677
1 0.402161 0.972843 0.038415 0.051118
1 0.209484 0.906550 0.034814 0.043131
1 0.249100 0.760383 0.030012 0.047923
1 0.729892 0.336262 0.045618 0.039936
1 0.683073 0.720447 0.028812 0.057508
1 0.695078 0.674920 0.040816 0.043131
1 0.530012 0.142173 0.037215 0.044728
1 0.556423 0.104633 0.027611 0.033546
1 0.524010 0.254792 0.044418 0.097444
1 0.076230 0.179712 0.042017 0.046326
1 0.174670 0.976038 0.030012 0.047923
