0 0.108043 0.587859 0.052821 0.051118
0 0.130252 0.533546 0.046819 0.070288
0 0.043818 0.538339 0.039616 0.054313
0 0.064826 0.645367 0.028812 0.038339
0 0.155462 0.634984 0.039616 0.052716
0 0.072029 0.733227 0.040816 0.047923
0 0.099040 0.931310 0.049220 0.057508
0 0.054022 0.966454 0.038415 0.060703
0 0.008403 0.942492 0.014406 0.063898
0 0.291717 0.682907 0.043217 0.046326
0 0.360144 0.592652 0.045618 0.070288
0 0.280312 0.594249 0.049220 0.054313
0 0.454982 0.575879 0.040816 0.059105
0 0.214886 0.391374 0.031212 0.041534
0 0.089436 0.407348 0.042017 0.041534
0 0.141056 0.424121 0.027611 0.039936
0 0.119448 0.150958 0.066026 0.065495
0 0.197479 0.024760 0.075630 0.046326
0 0.374550 0.247604 0.038415 0.051118
0 0.454382 0.308307 0.042017 0.038339
0 0.432773 0.476837 0.027611 0.052716
0 0.440576 0.377796 0.036014 0.039936
0 0.591837 0.616613 0.060024 0.102236
0 0.509604 0.649361 0.037215 0.036741
0 0.493397 0.607827 0.036014 0.049521
0 0.509004 0.702077 0.028812 0.049521
0 0.405162 0.800319 0.039616 0.057508
0 0.399760 0.718051 0.033613 0.055911
0 0.840936 0.690895 0.073229 0.119808
0 0.841537 0.602236 0.038415 0.047923
0 0.743097 0.720447 0.026411 0.060703
0 0.677071 0.975240 0.091236 0.049521
0 0.773109 0.962460 0.052821 0.065495
0 0.731092 0.895367 0.040816 0.049521
0 0.630852 0.772364 0.042017 0.055911
0 0.818127 0.158147 0.051621 0.054313
0 0.689076 0.368211 0.031212 0.036741
0 0.622449 0.035144 0.054022 0.054313
0 0.171669 0.248403 0.033613 0.027157
0 0.141056 0.309904 0.030012 0.047923
0 0.980792 0.276358 0.033613 0.057508
0 0.957383 0.395367 0.034814 0.065495
0 0.966387 0.458466 0.036014 0.060703
0 0.985594 0.557508 0.028812 0.060703
0 0.942977 0.957668 0.037215 0.046326
0 0.823529 0.464856 0.028812 0.028754
0 0.635654 0.337859 0.042017 0.062300
0 0.405162 0.527955 0.022809 0.033546
0 0.650060 0.644569 0.025210 0.049521
0 0.678271 0.671725 0.031212 0.033546
0 0.748499 0.656550 0.034814 0.041534
0 0.771309 0.597444 0.034814 0.044728
0 0.929172 0.265974 0.031212 0.039936
0 0.934574 0.112620 0.042017 0.062300
0 0.865546 0.194888 0.036014 0.047923
0 0.938175 0.042332 0.046819 0.052716
0 0.745498 0.216454 0.031212 0.030351
0 0.792317 0.329872 0.048019 0.046326
0 0.810324 0.378594 0.033613 0.038339
0 0.507203 0.460863 0.039616 0.036741
0 0.723890 0.468850 0.031212 0.039936
0 0.717287 0.434505 0.034814 0.031949
0 0.233493 0.190895 0.063625 0.065495
0 0.210684 0.248403 0.049220 0.046326
0 0.273109 0.091054 0.042017 0.035144
0 0.340936 0.027157 0.052821 0.038339
0 0.379352 0.085463 0.024010 0.046326
0 0.581032 0.225240 0.031212 0.031949
0 0.609844 0.892971 0.028812 0.047923
0 0.638055 0.896965 0.030012 0.036741
0 0.948980 0.667732 0.034814 0.038339
0 0.648259 0.940096 0.038415 0.049521
0 0.459784 0.048722 0.038415 0.043131
0 0.106242 0.209265 0.025210 0.044728
0 0.723890 0.067891 0.036014 0.046326
0 0.695078 0.083866 0.033613 0.033546
0 0.684274 0.048722 0.026411 0.030351
0 0.310924 0.940096 0.031212 0.046326
0 0.162665 0.926518 0.030012 0.035144
0 0.070828 0.849840 0.038415 0.028754
0 0.450780 0.218850 0.034814 0.044728
0 0.458583 0.265974 0.048019 0.036741
0 0.605642 0.091054 0.030012 0.038339
