0 0.406363 0.575080 0.066026 0.079872
0 0.677671 0.253994 0.082833 0.134185
0 0.051621 0.293131 0.064826 0.119808
0 0.407563 0.756390 0.063625 0.087859
0 0.580432 0.620607 0.051621 0.071885
0 0.892557 0.868211 0.214886 0.263578
0 0.857143 0.322684 0.060024 0.073482
0 0.830132 0.190895 0.068427 0.078275
0 0.743097 0.404153 0.069628 0.076677
0 0.708283 0.594249 0.057623 0.083067
0 0.228691 0.450479 0.039616 0.054313
0 0.160264 0.260383 0.051621 0.063898
0 0.154862 0.151757 0.055222 0.054313
0 0.262305 0.304313 0.042017 0.084665
1 0.547419 0.071086 0.050420 0.081470
1 0.890756 0.606230 0.045618 0.081470
1 0.137455 0.743610 0.044418 0.062300
1 0.080432 0.902556 0.031212 0.063898
1 0.051621 0.720447 0.036014 0.051118
1 0.053421 0.517572 0.042017 0.047923
0 0.220288 0.749201 0.042017 0.038339
0 0.590036 0.384984 0.061224 0.067093
0 0.500600 0.507987 0.055222 0.060703
0 0.750300 0.850639 0.074430 0.068690
1 0.590036 0.796326 0.061224 0.097444
0 0.449580 0.978435 0.034814 0.043131
0 0.217887 0.796326 0.037215 0.039936
0 0.227491 0.842652 0.030012 0.039936
0 0.723890 0.537540 0.040816 0.049521
0 0.923169 0.345847 0.026411 0.049521
0 0.307923 0.035942 0.037215 0.065495
0 0.950180 0.404153 0.044418 0.054313
1 0.462785 0.643770 0.058824 0.089457
1 0.503001 0.559105 0.038415 0.060703
1 0.400360 0.432109 0.063625 0.084665
1 0.330132 0.667732 0.031212 0.047923
1 0.026411 0.913738 0.031212 0.060703
