0 0.186675 0.382588 0.068427 0.091054
0 0.546218 0.447284 0.228091 0.169329
0 0.438776 0.795527 0.090036 0.083067
0 0.588836 0.262780 0.078031 0.094249
0 0.747899 0.292332 0.088836 0.130990
0 0.600840 0.916134 0.099640 0.132588
1 0.557623 0.096645 0.075630 0.091054
1 0.483794 0.203674 0.064826 0.110224
0 0.074430 0.217252 0.067227 0.057508
0 0.782713 0.443291 0.064826 0.062300
0 0.779112 0.698083 0.098439 0.127796
0 0.085834 0.965655 0.066026 0.068690
0 0.352341 0.333866 0.046819 0.051118
1 0.137455 0.820288 0.049220 0.055911
1 0.187875 0.788339 0.034814 0.052716
1 0.953181 0.252396 0.057623 0.073482
0 0.643457 0.743610 0.045618 0.055911
1 0.105642 0.037540 0.076831 0.052716
1 0.397359 0.053514 0.048019 0.068690
0 0.975390 0.089457 0.049220 0.070288
1 0.393758 0.704473 0.038415 0.057508
0 0.773709 0.591853 0.037215 0.046326
0 0.506603 0.953674 0.062425 0.092652
0 0.893758 0.718850 0.027611 0.051118
1 0.882353 0.023163 0.064826 0.043131
1 0.856543 0.605431 0.044418 0.063898
0 0.115846 0.597444 0.025210 0.038339
0 0.972989 0.609425 0.030012 0.036741
1 0.471789 0.603035 0.045618 0.055911
0 0.683073 0.931310 0.060024 0.070288
0 0.854142 0.809904 0.046819 0.051118
0 0.681873 0.325080 0.043217 0.049521
0 0.807323 0.507188 0.042017 0.055911
0 0.760504 0.505591 0.039616 0.055911
1 0.358343 0.404952 0.058824 0.068690
