0 0.593037 0.082268 0.379352 0.161342
0 0.475990 0.384984 0.042017 0.051118
0 0.534814 0.366613 0.039616 0.052716
0 0.560024 0.457668 0.066026 0.087859
0 0.479592 0.423323 0.032413 0.031949
0 0.260504 0.563898 0.038415 0.060703
0 0.184274 0.317093 0.032413 0.039936
0 0.370348 0.255591 0.020408 0.028754
0 0.321729 0.132588 0.026411 0.047923
0 0.475990 0.090256 0.032413 0.036741
0 0.391357 0.113419 0.024010 0.031949
0 0.349340 0.132588 0.021609 0.038339
0 0.046218 0.038339 0.030012 0.038339
1 0.219688 0.036741 0.031212 0.041534
1 0.141056 0.016773 0.037215 0.030351
1 0.084634 0.210064 0.027611 0.043131
1 0.198679 0.163738 0.025210 0.030351
1 0.146459 0.260383 0.026411 0.038339
1 0.226291 0.252396 0.037215 0.047923
1 0.304322 0.257188 0.030012 0.041534
1 0.294718 0.318690 0.030012 0.049521
1 0.255102 0.364217 0.039616 0.054313
1 0.192077 0.412939 0.031212 0.036741
1 0.078031 0.500799 0.033613 0.046326
1 0.019208 0.297923 0.036014 0.247604
1 0.019808 0.757987 0.037215 0.119808
1 0.058223 0.857827 0.037215 0.054313
1 0.151861 0.853834 0.054022 0.065495
1 0.094238 0.770767 0.030012 0.039936
1 0.032413 0.670927 0.028812 0.035144
1 0.339736 0.770767 0.026411 0.046326
1 0.331333 0.833067 0.026411 0.033546
1 0.548619 0.824281 0.052821 0.057508
1 0.632653 0.741214 0.038415 0.054313
1 0.686074 0.617412 0.034814 0.043131
1 0.813325 0.775559 0.058824 0.068690
1 0.906363 0.853834 0.062425 0.075080
0 0.974790 0.752396 0.050420 0.102236
1 0.966987 0.215655 0.044418 0.060703
1 0.947779 0.373802 0.032413 0.044728
1 0.783313 0.328275 0.025210 0.030351
1 0.626050 0.431310 0.051621 0.054313
1 0.456182 0.638978 0.048019 0.063898
1 0.336134 0.501597 0.028812 0.022364
1 0.402761 0.475240 0.025210 0.033546
1 0.376951 0.570288 0.062425 0.083067
1 0.569628 0.955272 0.054022 0.060703
0 0.897359 0.071885 0.027611 0.031949
0 0.842737 0.046326 0.026411 0.025559
0 0.852941 0.234824 0.027611 0.028754
0 0.746699 0.912141 0.031212 0.041534
0 0.732893 0.971246 0.030012 0.047923
0 0.796519 0.988818 0.037215 0.022364
0 0.442977 0.257987 0.033613 0.049521
0 0.480192 0.186901 0.026411 0.035144
0 0.096639 0.558307 0.034814 0.046326
0 0.112245 0.646965 0.025210 0.031949
1 0.501801 0.488019 0.033613 0.062300
1 0.334934 0.343450 0.033613 0.047923
1 0.381152 0.341054 0.025210 0.030351
0 0.340936 0.022364 0.038415 0.041534
