0 0.201080 0.443291 0.097239 0.119808
0 0.806723 0.407348 0.084034 0.102236
0 0.943577 0.857827 0.045618 0.060703
0 0.924970 0.746805 0.051621 0.055911
0 0.363745 0.759585 0.040816 0.071885
0 0.858343 0.039936 0.067227 0.076677
1 0.604442 0.044728 0.032413 0.051118
1 0.538415 0.158147 0.046819 0.070288
1 0.359544 0.236422 0.032413 0.076677
1 0.199880 0.305112 0.042017 0.063898
1 0.054022 0.366613 0.045618 0.059105
1 0.034214 0.517572 0.046819 0.063898
1 0.029412 0.714856 0.046819 0.081470
1 0.097839 0.873802 0.073229 0.108626
1 0.542617 0.749201 0.028812 0.047923
1 0.497599 0.629393 0.058824 0.102236
1 0.407563 0.631789 0.061224 0.091054
1 0.674670 0.851438 0.033613 0.057508
1 0.706483 0.438498 0.058824 0.039936
1 0.597839 0.607029 0.031212 0.051118
0 0.550420 0.338658 0.128451 0.153355
1 0.692677 0.198882 0.060024 0.062300
0 0.978992 0.148562 0.042017 0.089457
1 0.712485 0.524760 0.075630 0.081470
1 0.231092 0.973642 0.039616 0.052716
1 0.254502 0.876198 0.050420 0.046326
0 0.733493 0.970447 0.084034 0.059105
0 0.894358 0.218850 0.036014 0.054313
1 0.315126 0.137380 0.032413 0.047923
0 0.653061 0.969649 0.033613 0.054313
0 0.591236 0.829073 0.030012 0.054313
0 0.861345 0.671725 0.034814 0.046326
1 0.833733 0.548722 0.046819 0.055911
1 0.703481 0.800319 0.074430 0.073482
