0 0.475990 0.039137 0.080432 0.075080
0 0.552821 0.073482 0.030012 0.038339
0 0.105042 0.224441 0.207683 0.445687
0 0.219688 0.087061 0.028812 0.049521
0 0.232893 0.016773 0.040816 0.030351
0 0.153661 0.223642 0.031212 0.047923
0 0.342137 0.416933 0.040816 0.060703
0 0.342737 0.486422 0.056423 0.062300
0 0.381753 0.457668 0.028812 0.046326
0 0.612845 0.417732 0.061224 0.087859
0 0.733493 0.469649 0.038415 0.041534
0 0.792317 0.770767 0.040816 0.081470
1 0.875750 0.909744 0.063625 0.094249
1 0.551020 0.817891 0.079232 0.099042
1 0.330732 0.920927 0.042017 0.065495
0 0.988595 0.176518 0.022809 0.055911
0 0.604442 0.158946 0.030012 0.039936
0 0.646459 0.126997 0.030012 0.039936
0 0.407563 0.158946 0.039616 0.039936
1 0.827131 0.014377 0.038415 0.025559
1 0.850540 0.199681 0.042017 0.054313
1 0.845138 0.322684 0.031212 0.057508
1 0.894958 0.460863 0.032413 0.062300
1 0.944778 0.718850 0.050420 0.047923
1 0.965186 0.657348 0.019208 0.033546
1 0.989796 0.678914 0.020408 0.051118
1 0.164466 0.575080 0.033613 0.041534
1 0.163265 0.621406 0.031212 0.035144
1 0.191477 0.650958 0.032413 0.039936
1 0.445378 0.634185 0.036014 0.038339
1 0.479592 0.660543 0.034814 0.046326
1 0.583433 0.646166 0.036014 0.049521
1 0.310924 0.815495 0.038415 0.055911
1 0.343938 0.809904 0.037215 0.057508
1 0.218487 0.787540 0.048019 0.047923
1 0.283313 0.663738 0.036014 0.046326
1 0.191477 0.342652 0.032413 0.046326
1 0.120048 0.369010 0.026411 0.035144
1 0.151261 0.388978 0.031212 0.036741
1 0.211885 0.934505 0.030012 0.035144
1 0.167467 0.974441 0.042017 0.051118
0 0.550420 0.981629 0.034814 0.036741
0 0.111044 0.897764 0.051621 0.076677
0 0.126050 0.862620 0.028812 0.028754
0 0.109844 0.837859 0.015606 0.033546
0 0.078631 0.828275 0.022809 0.030351
0 0.117047 0.809904 0.030012 0.022364
0 0.100840 0.771565 0.026411 0.028754
0 0.225690 0.639776 0.019208 0.027157
0 0.424370 0.216454 0.018007 0.030351
0 0.400960 0.207668 0.021609 0.035144
0 0.358944 0.052716 0.052821 0.102236
0 0.702281 0.034345 0.026411 0.036741
0 0.686675 0.134185 0.016807 0.038339
0 0.768908 0.456070 0.027611 0.036741
0 0.791717 0.485623 0.027611 0.028754
