0 0.797719 0.132588 0.082833 0.083067
0 0.953181 0.655751 0.093637 0.234824
0 0.790516 0.380192 0.058824 0.076677
1 0.594238 0.270767 0.055222 0.075080
1 0.509004 0.227636 0.055222 0.052716
1 0.415966 0.108626 0.042017 0.044728
1 0.353541 0.072684 0.051621 0.052716
1 0.191477 0.103834 0.058824 0.057508
1 0.046819 0.129393 0.045618 0.063898
1 0.054022 0.323482 0.038415 0.059105
1 0.019808 0.404153 0.037215 0.047923
1 0.029412 0.502396 0.034814 0.046326
1 0.033013 0.949681 0.046819 0.062300
1 0.091236 0.923323 0.067227 0.095847
1 0.293517 0.959265 0.054022 0.081470
1 0.343938 0.968051 0.039616 0.060703
1 0.753301 0.744409 0.051621 0.054313
1 0.741297 0.801917 0.073229 0.057508
1 0.709484 0.838658 0.048019 0.054313
1 0.774910 0.874601 0.030012 0.046326
1 0.893758 0.893770 0.044418 0.055911
1 0.916567 0.465655 0.061224 0.075080
1 0.839136 0.463259 0.045618 0.047923
1 0.797719 0.519169 0.044418 0.054313
1 0.645858 0.437700 0.052821 0.051118
1 0.712485 0.353035 0.054022 0.060703
1 0.075630 0.021565 0.040816 0.039936
1 0.168067 0.016773 0.074430 0.030351
1 0.967587 0.092652 0.028812 0.044728
1 0.782713 0.035144 0.038415 0.038339
1 0.280912 0.479233 0.040816 0.041534
1 0.277311 0.632588 0.033613 0.041534
1 0.408764 0.667732 0.034814 0.041534
1 0.345138 0.786741 0.044418 0.055911
1 0.288115 0.749201 0.033613 0.038339
1 0.295918 0.829073 0.039616 0.047923
1 0.217287 0.738818 0.033613 0.027157
1 0.213685 0.769968 0.033613 0.035144
1 0.112845 0.752396 0.026411 0.041534
1 0.082833 0.781150 0.040816 0.047923
1 0.143457 0.670927 0.049220 0.038339
1 0.014406 0.694089 0.026411 0.046326
1 0.231092 0.356230 0.030012 0.044728
1 0.307923 0.176518 0.039616 0.052716
1 0.647659 0.877796 0.044418 0.068690
1 0.605642 0.950479 0.039616 0.044728
1 0.890756 0.951278 0.043217 0.043131
1 0.927371 0.190096 0.039616 0.054313
1 0.544418 0.073482 0.046819 0.057508
1 0.412365 0.496805 0.039616 0.041534
1 0.459184 0.550319 0.025210 0.043131
0 0.822929 0.635783 0.037215 0.041534
0 0.955582 0.631789 0.026411 0.039936
