0 0.490996 0.459265 0.117647 0.161342
0 0.564226 0.436901 0.040816 0.049521
0 0.423169 0.594249 0.051621 0.060703
0 0.322329 0.666933 0.030012 0.039936
0 0.304322 0.706869 0.027611 0.036741
0 0.024010 0.353035 0.045618 0.067093
0 0.052221 0.280351 0.051621 0.065495
0 0.119448 0.504792 0.049220 0.060703
0 0.348739 0.194089 0.049220 0.049521
0 0.331333 0.241214 0.038415 0.028754
0 0.424370 0.326677 0.039616 0.030351
0 0.767707 0.159744 0.044418 0.038339
0 0.847539 0.027157 0.036014 0.044728
0 0.869148 0.172524 0.048019 0.047923
0 0.854142 0.212460 0.039616 0.057508
0 0.903361 0.221246 0.042017 0.055911
0 0.834334 0.259585 0.038415 0.062300
0 0.812125 0.188498 0.022809 0.041534
0 0.732293 0.301118 0.057623 0.065495
0 0.746699 0.121406 0.033613 0.041534
0 0.249700 0.055911 0.069628 0.073482
0 0.055222 0.031949 0.050420 0.060703
0 0.134454 0.115016 0.028812 0.044728
0 0.079832 0.198882 0.022809 0.027157
0 0.109244 0.208466 0.069628 0.059105
0 0.120048 0.319489 0.031212 0.044728
0 0.729292 0.579073 0.068427 0.103834
0 0.657863 0.571885 0.036014 0.051118
0 0.767107 0.491214 0.040816 0.062300
0 0.824730 0.604633 0.052821 0.065495
0 0.825330 0.704473 0.042017 0.060703
0 0.759304 0.703674 0.030012 0.046326
0 0.833133 0.503994 0.036014 0.049521
0 0.555222 0.337061 0.037215 0.047923
0 0.510204 0.242812 0.028812 0.051118
0 0.471789 0.867412 0.031212 0.041534
0 0.607443 0.667732 0.045618 0.041534
0 0.654262 0.852236 0.036014 0.043131
0 0.548019 0.914537 0.046819 0.039936
0 0.459184 0.979233 0.042017 0.041534
0 0.115846 0.446486 0.056423 0.033546
0 0.041417 0.458466 0.039616 0.054313
0 0.350540 0.325080 0.024010 0.039936
0 0.286915 0.307508 0.038415 0.036741
0 0.225690 0.291534 0.038415 0.065495
0 0.256903 0.120607 0.024010 0.039936
0 0.228091 0.126198 0.021609 0.051118
0 0.133854 0.940096 0.046819 0.023962
0 0.411164 0.936102 0.049220 0.038339
0 0.948980 0.198083 0.039616 0.054313
0 0.856543 0.416933 0.039616 0.038339
0 0.706483 0.127796 0.020408 0.041534
0 0.401561 0.074281 0.032413 0.030351
0 0.488595 0.173323 0.033613 0.033546
0 0.557623 0.778754 0.039616 0.033546
0 0.549820 0.832268 0.028812 0.031949
0 0.537215 0.870607 0.027611 0.028754
0 0.558223 0.634185 0.038415 0.025559
0 0.571429 0.598243 0.038415 0.033546
0 0.493397 0.724441 0.033613 0.043131
0 0.633854 0.440895 0.033613 0.035144
0 0.132053 0.985623 0.069628 0.028754
0 0.204082 0.521565 0.033613 0.027157
0 0.567827 0.183706 0.045618 0.031949
0 0.918367 0.815495 0.021609 0.062300
0 0.699280 0.023163 0.020408 0.043131
0 0.670468 0.021565 0.025210 0.039936
0 0.578631 0.034345 0.036014 0.046326
0 0.259304 0.202077 0.043217 0.039936
0 0.186675 0.187700 0.039616 0.046326
0 0.165066 0.238019 0.025210 0.038339
0 0.014406 0.154952 0.026411 0.035144
0 0.196879 0.111022 0.026411 0.030351
0 0.393758 0.367412 0.026411 0.031949
0 0.369748 0.588658 0.026411 0.033546
0 0.358343 0.544728 0.039616 0.054313
0 0.477191 0.281949 0.032413 0.055911
0 0.442377 0.178115 0.037215 0.036741
0 0.975390 0.535942 0.034814 0.039936
0 0.659664 0.736422 0.037215 0.044728
0 0.614646 0.150160 0.040816 0.051118
0 0.258103 0.591853 0.036014 0.039936
