0 0.747299 0.346645 0.219688 0.255591
0 0.652461 0.487220 0.056423 0.070288
0 0.605642 0.125399 0.056423 0.094249
0 0.563625 0.067093 0.042017 0.047923
0 0.713685 0.048722 0.051621 0.049521
0 0.876951 0.062300 0.066026 0.086262
0 0.840936 0.090256 0.037215 0.046326
0 0.929772 0.100639 0.030012 0.041534
0 0.086435 0.325080 0.079232 0.084665
0 0.270108 0.461661 0.048019 0.063898
0 0.518007 0.505591 0.046819 0.062300
0 0.466987 0.717252 0.045618 0.067093
0 0.528211 0.759585 0.062425 0.071885
0 0.504802 0.805112 0.027611 0.035144
0 0.662665 0.792332 0.033613 0.044728
0 0.558223 0.851438 0.026411 0.025559
0 0.645858 0.873802 0.036014 0.035144
0 0.551020 0.938498 0.103241 0.123003
0 0.550420 0.956869 0.030012 0.038339
0 0.575030 0.984026 0.026411 0.031949
0 0.025810 0.962460 0.049220 0.075080
0 0.096038 0.814696 0.052821 0.070288
0 0.021008 0.872204 0.039616 0.057508
0 0.011405 0.824281 0.020408 0.051118
0 0.121849 0.587859 0.169268 0.287540
0 0.129652 0.634185 0.043217 0.054313
0 0.100840 0.541534 0.048019 0.057508
0 0.322929 0.223642 0.043217 0.057508
0 0.523409 0.210863 0.043217 0.051118
0 0.845738 0.358626 0.056423 0.049521
0 0.810324 0.268371 0.040816 0.060703
0 0.670468 0.311502 0.039616 0.054313
1 0.197479 0.295527 0.039616 0.047923
1 0.232893 0.262780 0.033613 0.039936
1 0.209484 0.231629 0.025210 0.038339
1 0.028812 0.226837 0.043217 0.035144
1 0.144058 0.086262 0.028812 0.035144
1 0.420768 0.035144 0.051621 0.067093
1 0.914766 0.649361 0.038415 0.055911
1 0.957983 0.664537 0.031212 0.038339
1 0.791717 0.564696 0.030012 0.043131
1 0.769508 0.503195 0.026411 0.031949
1 0.819328 0.480831 0.027611 0.038339
1 0.397959 0.452077 0.025210 0.038339
1 0.337335 0.491214 0.026411 0.043131
1 0.415366 0.811502 0.033613 0.057508
1 0.411765 0.960863 0.033613 0.046326
1 0.282713 0.960863 0.022809 0.033546
0 0.809724 0.803514 0.022809 0.038339
0 0.834934 0.918530 0.032413 0.038339
0 0.755102 0.745208 0.043217 0.049521
0 0.823529 0.741214 0.028812 0.031949
0 0.846939 0.703674 0.027611 0.046326
0 0.692077 0.593450 0.032413 0.043131
0 0.707683 0.684505 0.037215 0.033546
0 0.761705 0.619010 0.020408 0.030351
0 0.436375 0.303514 0.032413 0.041534
0 0.298319 0.286741 0.025210 0.039936
0 0.593637 0.229233 0.034814 0.039936
0 0.154262 0.524760 0.020408 0.036741
0 0.181273 0.561502 0.024010 0.030351
0 0.177071 0.656550 0.027611 0.044728
0 0.221489 0.604633 0.025210 0.036741
