0 0.444778 0.674121 0.070828 0.086262
0 0.187875 0.230032 0.051621 0.067093
0 0.461585 0.039936 0.046819 0.057508
0 0.436975 0.574281 0.040816 0.055911
0 0.406363 0.608626 0.027611 0.035144
0 0.765306 0.387380 0.058824 0.071885
0 0.823529 0.347444 0.045618 0.046326
0 0.600240 0.875399 0.026411 0.031949
0 0.703481 0.961661 0.079232 0.076677
0 0.492197 0.914537 0.040816 0.049521
0 0.333733 0.873802 0.043217 0.044728
0 0.308523 0.813099 0.038415 0.035144
0 0.339736 0.741214 0.038415 0.041534
0 0.153661 0.861821 0.028812 0.039936
0 0.106242 0.904952 0.039616 0.036741
0 0.877551 0.604633 0.050420 0.055911
0 0.984994 0.826677 0.030012 0.078275
0 0.843337 0.856230 0.039616 0.041534
0 0.836735 0.889776 0.033613 0.041534
0 0.810924 0.929712 0.034814 0.041534
0 0.660864 0.771565 0.039616 0.025559
0 0.580432 0.705272 0.030012 0.036741
0 0.502401 0.796326 0.058824 0.068690
0 0.052221 0.479233 0.025210 0.031949
0 0.050420 0.532748 0.036014 0.039936
0 0.506002 0.325080 0.046819 0.046326
0 0.500000 0.274760 0.030012 0.038339
0 0.449580 0.317093 0.025210 0.030351
0 0.512005 0.182907 0.034814 0.039936
0 0.396158 0.082268 0.026411 0.030351
0 0.381152 0.043930 0.039616 0.033546
0 0.283914 0.069489 0.025210 0.043131
0 0.240096 0.090256 0.045618 0.052716
0 0.136855 0.103834 0.036014 0.038339
0 0.021609 0.026358 0.040816 0.049521
0 0.054022 0.051917 0.033613 0.020767
0 0.033013 0.114217 0.037215 0.052716
0 0.250900 0.269968 0.036014 0.041534
0 0.454382 0.262780 0.022809 0.023962
0 0.432773 0.239617 0.020408 0.028754
0 0.430372 0.272364 0.027611 0.027157
0 0.618848 0.157348 0.025210 0.033546
0 0.567827 0.065495 0.021609 0.031949
0 0.796519 0.107827 0.039616 0.065495
0 0.923770 0.153355 0.034814 0.044728
0 0.971789 0.206869 0.025210 0.046326
0 0.949580 0.364217 0.036014 0.054313
0 0.609244 0.596645 0.032413 0.033546
0 0.557023 0.598243 0.026411 0.046326
0 0.141657 0.724441 0.036014 0.052716
0 0.127251 0.960863 0.033613 0.043131
0 0.749100 0.853035 0.028812 0.038339
0 0.695678 0.852236 0.025210 0.046326
0 0.772509 0.804313 0.037215 0.039936
0 0.810324 0.733227 0.040816 0.057508
0 0.947179 0.674121 0.031212 0.041534
0 0.965786 0.591054 0.025210 0.035144
0 0.954982 0.785942 0.030012 0.041534
0 0.355342 0.428115 0.040816 0.054313
0 0.329532 0.458466 0.034814 0.035144
0 0.692077 0.327476 0.034814 0.035144
0 0.767107 0.290735 0.052821 0.057508
0 0.724490 0.247604 0.039616 0.060703
0 0.410564 0.157348 0.031212 0.039936
0 0.801321 0.246805 0.049220 0.046326
0 0.824130 0.210863 0.042017 0.031949
0 0.815726 0.171725 0.025210 0.020767
0 0.616447 0.365815 0.034814 0.047923
0 0.670468 0.416933 0.032413 0.044728
0 0.546819 0.537540 0.030012 0.039936
0 0.049220 0.952875 0.043217 0.068690
0 0.301921 0.715655 0.025210 0.047923
0 0.259304 0.664537 0.026411 0.031949
0 0.131453 0.339457 0.020408 0.033546
0 0.050420 0.413738 0.026411 0.031949
0 0.739496 0.175719 0.036014 0.035144
0 0.741297 0.072684 0.027611 0.033546
0 0.353541 0.115815 0.030012 0.030351
0 0.376351 0.166933 0.030012 0.036741
0 0.196879 0.178115 0.028812 0.030351
0 0.165666 0.175719 0.028812 0.022364
0 0.165666 0.063099 0.028812 0.030351
0 0.088235 0.337061 0.030012 0.038339
0 0.639256 0.650958 0.020408 0.030351
0 0.557023 0.831470 0.021609 0.036741
0 0.573229 0.776358 0.022809 0.038339
0 0.439376 0.977636 0.055222 0.044728
0 0.252101 0.761981 0.033613 0.028754
0 0.918367 0.111022 0.019208 0.030351
0 0.387155 0.352236 0.030012 0.039936
0 0.310924 0.404153 0.024010 0.035144
0 0.284514 0.845847 0.019208 0.027157
0 0.220888 0.981629 0.031212 0.036741
0 0.107443 0.672524 0.032413 0.028754
0 0.942977 0.193291 0.018007 0.051118
