0 0.040816 0.043131 0.079232 0.083067
0 0.152461 0.339457 0.064826 0.103834
0 0.099040 0.452077 0.087635 0.130990
0 0.196879 0.481629 0.052821 0.068690
0 0.037815 0.695687 0.073229 0.107029
0 0.093637 0.853035 0.050420 0.060703
0 0.195078 0.883387 0.049220 0.067093
0 0.261705 0.932907 0.057623 0.060703
0 0.438175 0.459265 0.074430 0.087859
0 0.462785 0.533546 0.085234 0.105431
0 0.647059 0.651757 0.088836 0.111821
0 0.691477 0.781150 0.084034 0.092652
0 0.663265 0.839457 0.087635 0.103834
0 0.424370 0.715655 0.058824 0.070288
0 0.372749 0.512780 0.054022 0.067093
0 0.460384 0.175719 0.106843 0.134185
0 0.345738 0.107029 0.048019 0.067093
0 0.916567 0.544728 0.039616 0.070288
1 0.460384 0.345847 0.049220 0.062300
1 0.424370 0.371406 0.049220 0.065495
1 0.245498 0.681310 0.054022 0.068690
1 0.157263 0.568690 0.052821 0.060703
1 0.448980 0.972045 0.050420 0.055911
1 0.739496 0.973642 0.072029 0.052716
1 0.862545 0.875399 0.063625 0.070288
0 0.829532 0.345048 0.043217 0.057508
0 0.767707 0.542332 0.046819 0.059105
0 0.821128 0.474441 0.036014 0.051118
0 0.857743 0.534345 0.046819 0.052716
0 0.961585 0.742013 0.036014 0.071885
0 0.865546 0.956869 0.069628 0.067093
0 0.015606 0.218051 0.028812 0.071885
