1 0.778511 0.727636 0.066026 0.075080
1 0.168667 0.593450 0.051621 0.081470
1 0.287515 0.733227 0.049220 0.073482
1 0.261104 0.167732 0.051621 0.070288
1 0.453181 0.579073 0.027611 0.046326
1 0.418367 0.587859 0.032413 0.051118
0 0.933974 0.778754 0.052821 0.075080
0 0.855342 0.930511 0.044418 0.094249
1 0.501801 0.819489 0.031212 0.070288
0 0.520408 0.980032 0.030012 0.039936
0 0.632053 0.699681 0.114046 0.150160
0 0.398559 0.782748 0.031212 0.057508
0 0.102041 0.827476 0.062425 0.095847
0 0.133253 0.671725 0.038415 0.062300
1 0.893157 0.199681 0.031212 0.047923
1 0.947779 0.162141 0.032413 0.049521
1 0.615246 0.473642 0.030012 0.059105
0 0.127251 0.968850 0.055222 0.062300
0 0.036615 0.721246 0.042017 0.046326
0 0.857143 0.809105 0.036014 0.055911
1 0.233493 0.534345 0.061224 0.075080
1 0.079232 0.269169 0.043217 0.078275
0 0.183073 0.026358 0.027611 0.036741
1 0.397959 0.119808 0.058824 0.070288
1 0.441777 0.350639 0.040816 0.046326
1 0.352941 0.388978 0.038415 0.049521
0 0.933974 0.925719 0.031212 0.059105
0 0.974790 0.947284 0.038415 0.057508
0 0.987395 0.305112 0.025210 0.067093
0 0.027611 0.083866 0.045618 0.084665
1 0.207683 0.060703 0.031212 0.063898
