1 0.650660 0.712460 0.052821 0.079872
0 0.905762 0.890575 0.046819 0.071885
0 0.240096 0.582268 0.076831 0.071885
0 0.204682 0.686901 0.032413 0.041534
0 0.370348 0.487220 0.044418 0.057508
0 0.112845 0.053514 0.033613 0.036741
0 0.084634 0.118211 0.030012 0.038339
0 0.016206 0.084665 0.030012 0.044728
0 0.131453 0.211661 0.025210 0.027157
0 0.081032 0.307508 0.032413 0.039936
0 0.097839 0.201278 0.034814 0.057508
0 0.145858 0.934505 0.027611 0.031949
0 0.146459 0.956070 0.033613 0.020767
0 0.243697 0.723642 0.019208 0.019169
0 0.271909 0.714058 0.015606 0.025559
1 0.792317 0.321086 0.043217 0.070288
1 0.861345 0.244409 0.037215 0.060703
1 0.196279 0.023962 0.037215 0.044728
1 0.463385 0.448083 0.074430 0.091054
1 0.536014 0.703674 0.073229 0.103834
1 0.801921 0.115016 0.072029 0.089457
0 0.736495 0.035144 0.049220 0.057508
0 0.876951 0.444888 0.044418 0.055911
0 0.785114 0.422524 0.026411 0.030351
1 0.747899 0.247604 0.050420 0.073482
1 0.664466 0.432907 0.030012 0.044728
1 0.653661 0.530351 0.037215 0.051118
1 0.623049 0.432907 0.028812 0.041534
1 0.621248 0.384984 0.022809 0.035144
1 0.684874 0.302716 0.042017 0.039936
1 0.741897 0.772364 0.033613 0.030351
1 0.708283 0.807508 0.024010 0.043131
1 0.687275 0.866613 0.073229 0.068690
1 0.875750 0.962460 0.027611 0.036741
1 0.943577 0.935304 0.028812 0.039936
1 0.054022 0.650958 0.040816 0.052716
1 0.151861 0.500000 0.044418 0.063898
1 0.205882 0.427316 0.075630 0.081470
1 0.329532 0.337061 0.042017 0.060703
1 0.378752 0.385783 0.054022 0.065495
1 0.197479 0.785942 0.056423 0.079872
1 0.103842 0.898562 0.063625 0.075080
1 0.472989 0.877796 0.055222 0.078275
1 0.425570 0.926518 0.025210 0.028754
1 0.689676 0.960064 0.027611 0.041534
0 0.219088 0.103834 0.034814 0.044728
0 0.412965 0.063898 0.024010 0.031949
0 0.442977 0.040735 0.024010 0.033546
0 0.530012 0.160543 0.030012 0.039936
0 0.436975 0.221246 0.019208 0.020767
