0 0.281513 0.484026 0.061224 0.095847
0 0.206483 0.438498 0.043217 0.059105
0 0.040816 0.466454 0.064826 0.086262
0 0.096639 0.512780 0.049220 0.057508
0 0.087635 0.626997 0.057623 0.081470
0 0.156663 0.572684 0.056423 0.068690
0 0.178872 0.640575 0.043217 0.044728
0 0.136855 0.838658 0.052821 0.073482
0 0.250900 0.708466 0.036014 0.065495
0 0.456783 0.666134 0.044418 0.044728
0 0.696279 0.233227 0.055222 0.063898
0 0.607443 0.170128 0.026411 0.033546
0 0.608643 0.137380 0.033613 0.031949
0 0.256903 0.026358 0.084034 0.049521
0 0.154862 0.027955 0.036014 0.039936
0 0.150060 0.060703 0.033613 0.038339
0 0.058223 0.120607 0.068427 0.055911
0 0.085234 0.055112 0.036014 0.046326
0 0.016807 0.153355 0.031212 0.067093
0 0.716687 0.730831 0.045618 0.071885
0 0.760504 0.869010 0.061224 0.083067
0 0.691477 0.812300 0.040816 0.049521
0 0.632053 0.880990 0.039616 0.055911
0 0.635054 0.696486 0.036014 0.041534
0 0.721489 0.658946 0.038415 0.039936
0 0.893758 0.256390 0.054022 0.065495
0 0.900960 0.134984 0.049220 0.049521
0 0.863745 0.027157 0.042017 0.051118
0 0.796519 0.012780 0.049220 0.022364
0 0.903361 0.507987 0.056423 0.047923
0 0.965186 0.360224 0.052821 0.094249
0 0.888355 0.768371 0.223289 0.329073
0 0.902161 0.902556 0.037215 0.044728
0 0.288115 0.817891 0.038415 0.051118
1 0.492797 0.099840 0.046819 0.062300
1 0.441176 0.203674 0.034814 0.049521
1 0.543818 0.179712 0.033613 0.039936
1 0.280312 0.144569 0.034814 0.055911
1 0.183073 0.123003 0.037215 0.047923
1 0.095438 0.319489 0.030012 0.031949
1 0.019208 0.379393 0.036014 0.055911
1 0.015006 0.276358 0.027611 0.044728
1 0.019808 0.718051 0.037215 0.065495
1 0.023409 0.817093 0.044418 0.068690
1 0.043217 0.884185 0.038415 0.033546
1 0.069628 0.955272 0.048019 0.060703
1 0.119448 0.950479 0.042017 0.044728
1 0.221489 0.857029 0.039616 0.046326
1 0.355342 0.638179 0.060024 0.081470
1 0.279712 0.657348 0.038415 0.052716
1 0.481993 0.408147 0.051621 0.062300
1 0.506603 0.308307 0.048019 0.079872
1 0.378752 0.031150 0.070828 0.059105
0 0.722689 0.323482 0.028812 0.046326
0 0.648259 0.399361 0.033613 0.041534
0 0.707683 0.464058 0.051621 0.075080
0 0.521609 0.783546 0.034814 0.052716
0 0.570828 0.628594 0.037215 0.075080
0 0.415366 0.876997 0.040816 0.047923
0 0.245498 0.933706 0.037215 0.043131
