0 0.320528 0.519169 0.057623 0.067093
0 0.587035 0.668530 0.084034 0.103834
0 0.304922 0.813099 0.072029 0.102236
0 0.385354 0.093450 0.043217 0.055911
0 0.680672 0.531949 0.062425 0.079872
0 0.761104 0.956869 0.050420 0.057508
0 0.712485 0.839457 0.039616 0.065495
1 0.117047 0.405751 0.032413 0.038339
1 0.153061 0.743610 0.037215 0.052716
1 0.607443 0.402556 0.031212 0.044728
1 0.300720 0.645367 0.042017 0.051118
0 0.918968 0.023163 0.034814 0.043131
0 0.024010 0.071885 0.045618 0.067093
0 0.746699 0.404153 0.033613 0.038339
0 0.719088 0.736422 0.031212 0.038339
1 0.126050 0.577476 0.033613 0.043131
1 0.636255 0.209265 0.040816 0.047923
