0 0.178271 0.194888 0.104442 0.127796
0 0.226291 0.163738 0.030012 0.039936
0 0.340936 0.124601 0.072029 0.057508
0 0.372149 0.177316 0.076831 0.073482
0 0.384754 0.263578 0.037215 0.031949
0 0.255702 0.317093 0.045618 0.043131
0 0.187875 0.356230 0.042017 0.038339
0 0.174670 0.425719 0.034814 0.043131
0 0.118848 0.499201 0.045618 0.062300
0 0.337335 0.595048 0.052821 0.062300
0 0.373349 0.582268 0.036014 0.046326
0 0.531813 0.277955 0.074430 0.099042
0 0.578631 0.294728 0.033613 0.052716
0 0.579232 0.226038 0.027611 0.043131
0 0.855342 0.242812 0.109244 0.143770
0 0.950180 0.213259 0.051621 0.071885
0 0.922569 0.102236 0.056423 0.079872
0 0.970588 0.107029 0.039616 0.102236
0 0.990996 0.142173 0.018007 0.044728
0 0.839736 0.655751 0.068427 0.075080
0 0.809724 0.776358 0.042017 0.051118
0 0.905162 0.892173 0.038415 0.055911
0 0.639856 0.924920 0.043217 0.051118
0 0.606843 0.677316 0.042017 0.060703
0 0.555822 0.678115 0.048019 0.081470
0 0.555822 0.738818 0.045618 0.055911
0 0.607443 0.567891 0.016807 0.039936
0 0.632653 0.576677 0.031212 0.044728
0 0.659064 0.479233 0.069628 0.089457
0 0.551020 0.471246 0.050420 0.054313
1 0.347539 0.393770 0.061224 0.068690
0 0.034814 0.689297 0.052821 0.103834
1 0.703481 0.099042 0.028812 0.044728
1 0.638655 0.093450 0.033613 0.049521
1 0.339136 0.040735 0.056423 0.046326
1 0.129652 0.078275 0.031212 0.044728
1 0.171669 0.689297 0.038415 0.046326
1 0.038415 0.785144 0.055222 0.052716
1 0.448379 0.681310 0.056423 0.065495
1 0.709484 0.735623 0.040816 0.043131
1 0.730492 0.945687 0.046819 0.038339
1 0.388355 0.051917 0.030012 0.043131
1 0.442977 0.072684 0.045618 0.039936
1 0.222089 0.035144 0.026411 0.035144
1 0.046218 0.081470 0.073229 0.067093
0 0.949580 0.296326 0.033613 0.052716
0 0.936975 0.363419 0.034814 0.049521
0 0.965186 0.372204 0.028812 0.031949
0 0.990396 0.359425 0.019208 0.041534
0 0.966987 0.405751 0.032413 0.025559
0 0.857143 0.373802 0.043217 0.054313
0 0.849340 0.421725 0.030012 0.054313
0 0.815726 0.416933 0.020408 0.031949
0 0.806122 0.362620 0.025210 0.057508
0 0.833733 0.461661 0.037215 0.041534
0 0.785714 0.538339 0.054022 0.070288
0 0.764706 0.380990 0.033613 0.033546
0 0.714886 0.261981 0.042017 0.060703
0 0.693878 0.681310 0.050420 0.036741
0 0.723890 0.830671 0.026411 0.044728
